time_ns,trackID,scan_index,track_lat_rate_m_per_s,track_group_changed,track_oncoming,track_status,track_angle_rad,track_range_m,track_bridge_object,track_rolling_count,track_width_m,track_range_accel_m_per_s2,track_med_range_mode,track_range_rate_m_per_s
1619076597482310912,22,0,0.000000,0,0,0,-0.000000,0.000000,0,0,0.000000,0.000000,0,81.910004
1619076597482525952,23,0,0.000000,0,0,0,-0.000000,0.000000,0,0,0.000000,0.000000,0,81.910004
1619076597482795008,24,0,-0.250000,0,0,3,0.366519,20.200001,0,0,0.000000,0.700000,1,6.830000
1619076597483022080,25,0,0.000000,0,0,0,-0.000000,0.000000,0,0,0.000000,0.000000,0,81.910004
1619076597483269120,26,0,0.000000,0,0,0,-0.000000,0.000000,0,0,0.000000,0.000000,0,81.910004
1619076597483547904,27,0,0.000000,0,0,0,-0.000000,0.000000,0,0,0.000000,0.000000,0,81.910004
1619076597484047104,28,0,0.000000,0,0,0,-0.000000,0.000000,0,0,0.000000,0.000000,0,81.910004
1619076597484047104,29,0,-0.250000,0,0,3,0.263545,29.100000,0,0,0.000000,0.550000,1,7.160000
1619076597484272128,30,0,0.000000,0,0,0,-0.000000,0.000000,0,0,0.000000,0.000000,0,81.910004
1619076597484521984,31,0,0.000000,0,0,0,-0.000000,0.000000,0,0,0.000000,0.000000,0,81.910004
1619076597484795904,32,0,0.000000,0,0,0,-0.000000,0.000000,0,0,0.000000,0.000000,0,81.910004
1619076597485025024,33,0,0.250000,0,0,4,0.137881,54.599998,0,0,0.000000,0.400000,0,7.190000
1619076597485272064,34,0,0.000000,0,0,0,-0.000000,0.000000,0,0,0.000000,0.000000,0,81.910004
1619076597485522944,35,0,0.000000,0,0,0,-0.000000,0.000000,0,0,0.000000,0.000000,0,81.910004
1619076597485832960,36,0,0.000000,0,0,0,-0.000000,0.000000,0,0,0.000000,0.000000,0,81.910004
1619076597486076928,37,0,0.000000,0,0,0,-0.000000,0.000000,0,0,0.000000,0.000000,0,81.910004
1619076597486298880,38,0,0.000000,0,0,0,-0.000000,0.000000,0,0,0.000000,0.000000,0,81.910004
1619076597486522112,39,0,0.000000,0,0,0,-0.000000,0.000000,0,0,0.000000,0.000000,0,81.910004
1619076597486798080,40,0,0.000000,0,0,3,0.003491,13.100000,0,0,0.000000,0.700000,3,0.470000
1619076597487022080,41,0,0.000000,0,0,0,-0.000000,0.000000,0,0,0.000000,0.000000,0,81.910004
1619076597487272960,42,0,0.000000,0,0,0,-0.000000,0.000000,0,0,0.000000,0.000000,0,81.910004
1619076597487546112,43,0,0.000000,0,0,0,-0.000000,0.000000,0,0,0.000000,0.000000,0,81.910004
1619076597488802048,44,0,0.750000,0,0,3,0.181514,37.099998,0,0,0.000000,0.200000,1,7.170000
1619076597489024000,45,0,0.000000,0,0,1,-0.280998,20.500000,0,0,0.000000,0.000000,1,6.990000
1619076597489275904,46,0,-0.750000,0,0,4,-0.151844,183.100006,0,0,0.000000,0.300000,0,7.050000
1619076597489527040,47,0,-0.250000,0,0,3,-0.106465,66.400002,0,0,0.000000,0.400000,2,7.220000
1619076597489797888,48,0,0.000000,0,0,0,-0.000000,0.000000,0,0,0.000000,0.000000,0,81.910004
1619076597490028032,49,0,0.250000,0,0,3,0.068068,123.599998,0,0,0.000000,0.400000,2,7.300000
1619076597490276096,50,0,0.000000,0,0,0,-0.000000,0.000000,0,0,0.000000,0.000000,0,81.910004
1619076597490523904,51,0,0.000000,0,0,0,-0.000000,0.000000,0,0,0.000000,0.000000,0,81.910004
1619076597490798080,52,0,0.750000,0,0,7,0.101229,62.599998,0,0,0.000000,0.000000,0,7.270000
1619076597491023872,53,0,-0.750000,0,0,3,-0.066323,103.300003,0,0,0.000000,0.200000,2,7.200000
1619076597491270912,54,0,3.000000,0,0,3,0.090757,70.500000,0,0,0.000000,0.200000,2,7.090000
1619076597491523072,55,0,0.250000,0,0,3,-0.261799,25.000000,0,0,0.000000,0.850000,1,7.250000
1619076597491805952,56,0,-0.250000,0,0,3,-0.181514,35.799999,0,0,0.000000,0.500000,1,7.270000
1619076597492066048,57,0,-2.250000,0,0,3,0.069813,137.399994,0,0,0.000000,0.250000,2,7.160000
1619076597492272896,58,0,0.000000,0,0,0,-0.000000,0.000000,0,0,0.000000,0.000000,0,81.910004
1619076597492523008,59,0,-1.250000,0,0,4,-0.472984,13.800000,0,0,0.000000,0.300000,0,6.020000
1619076597492795904,60,0,0.000000,0,0,0,-0.000000,0.000000,0,0,0.000000,0.000000,0,81.910004
1619076597493046016,61,0,0.000000,0,0,0,-0.000000,0.000000,0,0,0.000000,0.000000,0,81.910004
1619076597493306112,62,0,0.000000,0,0,4,-0.095993,75.900002,0,0,0.000000,0.300000,0,7.160000
1619076597493521920,63,0,0.000000,0,0,0,-0.000000,0.000000,0,0,0.000000,0.000000,0,81.910004
1619076597526524928,0,0,0.000000,0,0,0,-0.000000,0.000000,0,0,0.000000,0.000000,0,81.910004
1619076597526796032,1,0,0.000000,0,0,3,-0.127409,55.400002,0,0,0.000000,0.400000,2,7.220000
1619076597527045888,2,0,0.000000,0,0,0,-0.000000,0.000000,0,0,0.000000,0.000000,0,81.910004
1619076597527273984,3,0,0.000000,0,0,0,-0.000000,0.000000,0,0,0.000000,0.000000,0,81.910004
1619076597527795968,4,0,0.000000,0,0,0,-0.000000,0.000000,0,0,0.000000,0.000000,0,81.910004
1619076597528023040,5,0,0.000000,0,0,0,-0.000000,0.000000,0,0,0.000000,0.000000,0,81.910004
1619076597528293120,6,0,0.000000,0,0,0,-0.000000,0.000000,0,0,0.000000,0.000000,0,81.910004
1619076597528542976,7,0,0.000000,0,0,0,-0.000000,0.000000,0,0,0.000000,0.000000,0,81.910004
1619076597528794880,8,0,0.250000,0,0,4,-0.085521,94.300003,0,0,0.000000,0.200000,0,7.010000
1619076597529048064,9,0,0.000000,0,0,0,-0.000000,0.000000,0,0,0.000000,0.000000,0,81.910004
1619076597529296896,10,0,0.000000,0,0,0,-0.000000,0.000000,0,0,0.000000,0.000000,0,81.910004
1619076597529551872,11,0,0.000000,0,0,0,-0.000000,0.000000,0,0,0.000000,0.000000,0,81.910004
1619076597529797888,12,0,-0.500000,0,0,4,0.064577,183.399994,0,0,0.000000,0.300000,0,7.130000
1619076597530046976,13,0,0.000000,0,0,0,-0.000000,0.000000,0,0,0.000000,0.000000,0,81.910004
1619076597530298112,14,0,0.000000,0,0,3,0.071558,120.300003,0,0,0.000000,0.300000,2,7.230000
1619076597530547968,15,0,0.000000,0,0,0,-0.000000,0.000000,0,0,0.000000,0.000000,0,81.910004
1619076597530797056,16,0,0.000000,0,0,0,-0.000000,0.000000,0,0,0.000000,0.000000,0,81.910004
1619076597531045120,17,0,0.250000,0,0,3,0.059341,148.899994,0,0,0.000000,0.400000,2,7.290000
1619076597531297024,18,0,0.750000,0,0,3,-0.155334,45.799999,0,0,0.000000,0.450000,2,7.280000
1619076597531545088,19,0,0.000000,0,0,0,-0.000000,0.000000,0,0,0.000000,0.000000,0,81.910004
1619076597531798016,20,0,0.000000,0,0,3,0.089012,84.199997,0,0,0.000000,0.400000,2,7.280000
1619076597532046080,21,0,0.000000,0,0,0,-0.000000,0.000000,0,0,0.000000,0.000000,0,81.910004
1619076597532295936,22,0,0.000000,0,0,0,-0.000000,0.000000,0,0,0.000000,0.000000,0,81.910004
1619076597532548096,23,0,0.000000,0,0,0,-0.000000,0.000000,0,0,0.000000,0.000000,0,81.910004
1619076597532797952,24,0,-0.250000,0,0,3,0.363028,20.600000,0,0,0.000000,0.700000,1,6.840000
1619076597533048064,25,0,0.000000,0,0,0,-0.000000,0.000000,0,0,0.000000,0.000000,0,81.910004
1619076597533296896,26,0,0.000000,0,0,0,-0.000000,0.000000,0,0,0.000000,0.000000,0,81.910004
1619076597533547008,27,0,0.000000,0,0,0,-0.000000,0.000000,0,0,0.000000,0.000000,0,81.910004
1619076597533797888,28,0,0.000000,0,0,0,-0.000000,0.000000,0,0,0.000000,0.000000,0,81.910004
1619076597534054912,29,0,-0.250000,0,0,3,0.249582,29.400000,0,0,0.000000,0.550000,1,7.180000
1619076597534296064,30,0,0.000000,0,0,0,-0.000000,0.000000,0,0,0.000000,0.000000,0,81.910004
1619076597534547968,31,0,0.000000,0,0,1,0.134390,137.699997,0,0,0.000000,0.000000,2,7.310000
1619076597534797056,32,0,0.000000,0,0,0,-0.000000,0.000000,0,0,0.000000,0.000000,0,81.910004
1619076597535046912,33,0,0.250000,0,0,3,0.132645,55.299999,0,0,0.000000,0.400000,2,7.210000
1619076597535294976,34,0,0.000000,0,0,0,-0.000000,0.000000,0,0,0.000000,0.000000,0,81.910004
1619076597535549952,35,0,0.000000,0,0,0,-0.000000,0.000000,0,0,0.000000,0.000000,0,81.910004
1619076597535798016,36,0,0.000000,0,0,0,-0.000000,0.000000,0,0,0.000000,0.000000,0,81.910004
1619076597536046080,37,0,0.000000,0,0,0,-0.000000,0.000000,0,0,0.000000,0.000000,0,81.910004
1619076597536293888,38,0,0.000000,0,0,0,-0.000000,0.000000,0,0,0.000000,0.000000,0,81.910004
1619076597536546048,39,0,0.000000,0,0,1,0.734784,10.600000,0,0,0.000000,0.000000,1,5.580000
1619076597536796928,40,0,-0.250000,0,0,3,0.012217,13.100000,0,0,0.000000,0.700000,3,0.490000
1619076597537047040,41,0,0.000000,0,0,0,-0.000000,0.000000,0,0,0.000000,0.000000,0,81.910004
1619076597537319936,42,0,0.000000,0,0,0,-0.000000,0.000000,0,0,0.000000,0.000000,0,81.910004
1619076597537545984,43,0,0.000000,0,0,0,-0.000000,0.000000,0,0,0.000000,0.000000,0,81.910004
1619076597537794048,44,0,0.250000,0,0,3,0.181514,37.400002,0,0,0.000000,0.200000,1,7.170000
1619076597538046976,45,0,0.000000,0,0,0,-0.000000,0.000000,0,0,0.000000,0.000000,0,81.910004
1619076597538294016,46,0,0.000000,0,0,0,-0.000000,0.000000,0,0,0.000000,0.000000,0,81.910004
1619076597538546944,47,0,-0.500000,0,0,3,-0.106465,66.800003,0,0,0.000000,0.400000,2,7.230000
1619076597538796032,48,0,0.000000,0,0,0,-0.000000,0.000000,0,0,0.000000,0.000000,0,81.910004
1619076597539045888,49,0,0.250000,0,0,3,0.068068,124.000000,0,0,0.000000,0.400000,2,7.310000
1619076597539294976,50,0,0.000000,0,0,0,-0.000000,0.000000,0,0,0.000000,0.000000,0,81.910004
1619076597539546112,51,0,0.000000,0,0,0,-0.000000,0.000000,0,0,0.000000,0.000000,0,81.910004
1619076597539794944,52,0,0.000000,0,0,0,-0.000000,0.000000,0,0,0.000000,0.000000,0,81.910004
1619076597540046080,53,0,-0.750000,0,0,3,-0.064577,103.599998,0,0,0.000000,0.250000,2,7.210000
1619076597540293888,54,0,4.000000,0,0,3,0.089012,70.900002,0,0,0.000000,0.400000,2,7.150000
1619076597540545024,55,0,0.000000,0,0,3,-0.260054,25.299999,0,0,0.000000,0.850000,1,7.270000
1619076597540794880,56,0,-0.250000,0,0,3,-0.181514,36.099998,0,0,0.000000,0.450000,1,7.270000
1619076597541047040,57,0,-2.500000,0,0,3,0.069813,138.000000,0,0,0.000000,0.300000,2,7.180000
1619076597541296128,58,0,0.000000,0,0,0,-0.000000,0.000000,0,0,0.000000,0.000000,0,81.910004
1619076597541797120,59,0,-1.250000,0,0,4,-0.462512,14.100000,0,0,0.000000,0.300000,0,6.020000
1619076597542044928,60,0,0.000000,0,0,0,-0.000000,0.000000,0,0,0.000000,0.000000,0,81.910004
1619076597542298112,61,0,0.000000,0,0,0,-0.000000,0.000000,0,0,0.000000,0.000000,0,81.910004
1619076597542546944,62,0,0.000000,0,0,4,-0.095993,76.199997,0,0,0.000000,0.300000,0,7.170000
1619076597542796032,63,0,0.000000,0,0,0,-0.000000,0.000000,0,0,0.000000,0.000000,0,81.910004
1619076597576538880,0,0,0.000000,0,0,0,-0.000000,0.000000,0,0,0.000000,0.000000,0,81.910004
1619076597576793088,1,0,-0.250000,0,0,3,-0.127409,56.000000,0,0,0.000000,0.400000,2,7.230000
1619076597577043968,2,0,0.000000,0,0,1,0.111701,65.900002,0,0,0.000000,0.000000,2,7.350000
1619076597577325056,3,0,0.000000,0,0,0,-0.000000,0.000000,0,0,0.000000,0.000000,0,81.910004
1619076597577790976,4,0,0.000000,0,0,0,-0.000000,0.000000,0,0,0.000000,0.000000,0,81.910004
1619076597578041088,5,0,0.000000,0,0,0,-0.000000,0.000000,0,0,0.000000,0.000000,0,81.910004
1619076597578292992,6,0,0.000000,0,0,0,-0.000000,0.000000,0,0,0.000000,0.000000,0,81.910004
1619076597578544128,7,0,0.000000,0,0,0,-0.000000,0.000000,0,0,0.000000,0.000000,0,81.910004
1619076597578790912,8,0,0.250000,0,0,4,-0.083776,94.599998,0,0,0.000000,0.200000,0,7.010000
1619076597579043072,9,0,0.000000,0,0,0,-0.000000,0.000000,0,0,0.000000,0.000000,0,81.910004
1619076597579293952,10,0,0.000000,0,0,1,0.024435,130.899994,0,0,0.000000,0.000000,2,-64.389999
1619076597579545088,11,0,0.000000,0,0,0,-0.000000,0.000000,0,0,0.000000,0.000000,0,81.910004
1619076597579794944,12,0,0.000000,0,0,0,-0.000000,0.000000,0,0,0.000000,0.000000,0,81.910004
1619076597580041984,13,0,0.000000,0,0,0,-0.000000,0.000000,0,0,0.000000,0.000000,0,81.910004
1619076597580293888,14,0,0.000000,0,0,3,0.069813,120.599998,0,0,0.000000,0.350000,2,7.250000
1619076597580542976,15,0,0.000000,0,0,0,-0.000000,0.000000,0,0,0.000000,0.000000,0,81.910004
1619076597580794112,16,0,0.000000,0,0,0,-0.000000,0.000000,0,0,0.000000,0.000000,0,81.910004
1619076597581040896,17,0,0.500000,0,0,3,0.059341,149.300003,0,0,0.000000,0.400000,2,7.310000
1619076597581319936,18,0,0.750000,0,0,4,-0.153589,46.099998,0,0,0.000000,0.450000,0,7.300000
1619076597581542912,19,0,0.000000,0,0,1,0.516617,13.700000,0,0,0.000000,0.000000,1,6.450000
1619076597581812992,20,0,0.000000,0,0,3,0.085521,84.599998,0,0,0.000000,0.400000,2,7.300000
1619076597582044928,21,0,0.000000,0,0,0,-0.000000,0.000000,0,0,0.000000,0.000000,0,81.910004
1619076597582294016,22,0,0.000000,0,0,0,-0.000000,0.000000,0,0,0.000000,0.000000,0,81.910004
1619076597582542080,23,0,0.000000,0,0,0,-0.000000,0.000000,0,0,0.000000,0.000000,0,81.910004
1619076597582795008,24,0,-0.250000,0,0,5,0.359538,20.900000,0,0,0.000000,0.700000,1,6.870000
1619076597583043072,25,0,0.000000,0,0,0,-0.000000,0.000000,0,0,0.000000,0.000000,0,81.910004
1619076597583291904,26,0,0.000000,0,0,0,-0.000000,0.000000,0,0,0.000000,0.000000,0,81.910004
1619076597583546112,27,0,0.000000,0,0,0,-0.000000,0.000000,0,0,0.000000,0.000000,0,81.910004
1619076597583816960,28,0,0.000000,0,0,0,-0.000000,0.000000,0,0,0.000000,0.000000,0,81.910004
1619076597584044032,29,0,-0.250000,0,0,3,0.359538,20.900000,0,0,0.000000,0.650000,1,6.910000
1619076597584293120,30,0,0.000000,0,0,0,-0.000000,0.000000,0,0,0.000000,0.000000,0,81.910004
1619076597584541952,31,0,0.250000,0,0,2,0.134390,138.300003,0,0,0.000000,0.000000,2,7.300000
1619076597584794112,32,0,0.000000,0,0,0,-0.000000,0.000000,0,0,0.000000,0.000000,0,81.910004
1619076597585043968,33,0,0.500000,0,0,3,0.127409,55.900002,0,0,0.000000,0.450000,2,7.230000
1619076597585294080,34,0,0.000000,0,0,0,-0.000000,0.000000,0,0,0.000000,0.000000,0,81.910004
1619076597585542912,35,0,0.000000,0,0,0,-0.000000,0.000000,0,0,0.000000,0.000000,0,81.910004
1619076597585797888,36,0,0.000000,0,0,0,-0.000000,0.000000,0,0,0.000000,0.000000,0,81.910004
1619076597586044928,37,0,0.000000,0,0,0,-0.000000,0.000000,0,0,0.000000,0.000000,0,81.910004
1619076597586296064,38,0,0.000000,0,0,0,-0.000000,0.000000,0,0,0.000000,0.000000,0,81.910004
1619076597586544128,39,0,1.750000,0,0,2,0.757473,10.900000,0,0,0.000000,0.000000,1,5.610000
1619076597586795008,40,0,-0.250000,0,0,3,0.012217,13.200000,0,0,0.000000,0.700000,3,0.510000
1619076597587043072,41,0,0.000000,0,0,0,-0.000000,0.000000,0,0,0.000000,0.000000,0,81.910004
1619076597587294976,42,0,0.000000,0,0,0,-0.000000,0.000000,0,0,0.000000,0.000000,0,81.910004
1619076597587545088,43,0,0.000000,0,0,0,-0.000000,0.000000,0,0,0.000000,0.000000,0,81.910004
1619076597587791872,44,0,0.250000,0,0,3,0.181514,37.700001,0,0,0.000000,0.200000,1,7.180000
1619076597588056064,45,0,0.000000,0,0,0,-0.000000,0.000000,0,0,0.000000,0.000000,0,81.910004
1619076597588293888,46,0,0.000000,0,0,0,-0.000000,0.000000,0,0,0.000000,0.000000,0,81.910004
1619076597588545024,47,0,-0.500000,0,0,3,-0.102974,67.099998,0,0,0.000000,0.400000,2,7.250000
1619076597588794112,48,0,0.000000,0,0,0,-0.000000,0.000000,0,0,0.000000,0.000000,0,81.910004
1619076597589042944,49,0,0.250000,0,0,3,0.069813,124.400002,0,0,0.000000,0.400000,2,7.330000
1619076597589294080,50,0,0.000000,0,0,0,-0.000000,0.000000,0,0,0.000000,0.000000,0,81.910004
1619076597589544960,51,0,0.000000,0,0,0,-0.000000,0.000000,0,0,0.000000,0.000000,0,81.910004
1619076597589794048,52,0,0.000000,0,0,0,-0.000000,0.000000,0,0,0.000000,0.000000,0,81.910004
1619076597590042880,53,0,-1.000000,0,0,3,-0.064577,104.000000,0,0,0.000000,0.250000,2,7.230000
1619076597590292992,54,0,4.000000,0,0,4,0.089012,71.199997,0,0,0.000000,0.400000,0,7.160000
1619076597590544896,55,0,0.000000,0,0,3,-0.258309,25.600000,0,0,0.000000,0.800000,1,7.250000
1619076597590793984,56,0,-0.250000,0,0,3,-0.167552,36.500000,0,0,0.000000,0.450000,1,7.280000
1619076597591042048,57,0,-2.500000,0,0,4,0.069813,138.300003,0,0,0.000000,0.300000,0,7.190000
1619076597591293952,58,0,0.000000,0,0,0,-0.000000,0.000000,0,0,0.000000,0.000000,0,81.910004
1619076597591546112,59,0,0.000000,0,0,3,-0.450295,14.400000,0,0,0.000000,0.800000,1,6.200000
1619076597591817984,60,0,0.000000,0,0,0,-0.000000,0.000000,0,0,0.000000,0.000000,0,81.910004
1619076597592041984,61,0,0.000000,0,0,0,-0.000000,0.000000,0,0,0.000000,0.000000,0,81.910004
1619076597592295936,62,0,0.000000,0,0,4,-0.095993,76.599998,0,0,0.000000,0.300000,0,7.180000
1619076597592546048,63,0,0.000000,0,0,0,-0.000000,0.000000,0,0,0.000000,0.000000,0,81.910004
1619076597626541056,0,0,0.000000,0,0,0,-0.000000,0.000000,0,0,0.000000,0.000000,0,81.910004
1619076597626814976,1,0,-0.250000,0,0,3,-0.122173,56.299999,0,0,0.000000,0.400000,2,7.250000
1619076597626814976,2,0,2.250000,0,0,2,0.104720,66.500000,0,0,0.000000,0.000000,2,7.350000
1619076597627044096,3,0,0.000000,0,0,0,-0.000000,0.000000,0,0,0.000000,0.000000,0,81.910004
1619076597627814912,4,0,0.000000,0,0,0,-0.000000,0.000000,0,0,0.000000,0.000000,0,81.910004
1619076597628064000,5,0,0.000000,0,0,0,-0.000000,0.000000,0,0,0.000000,0.000000,0,81.910004
1619076597628311040,6,0,0.000000,0,0,0,-0.000000,0.000000,0,0,0.000000,0.000000,0,81.910004
1619076597628539904,7,0,0.000000,0,0,1,0.247837,29.700001,0,0,0.000000,0.000000,1,7.170000
1619076597628814080,8,0,0.000000,0,0,0,-0.000000,0.000000,0,0,0.000000,0.000000,0,81.910004
1619076597629064960,9,0,0.000000,0,0,0,-0.000000,0.000000,0,0,0.000000,0.000000,0,81.910004
1619076597629312000,10,0,0.000000,0,0,0,-0.000000,0.000000,0,0,0.000000,0.000000,0,81.910004
1619076597629562880,11,0,0.000000,0,0,0,-0.000000,0.000000,0,0,0.000000,0.000000,0,81.910004
1619076597629816064,12,0,0.000000,0,0,0,-0.000000,0.000000,0,0,0.000000,0.000000,0,81.910004
1619076597630064128,13,0,0.000000,0,0,0,-0.000000,0.000000,0,0,0.000000,0.000000,0,81.910004
1619076597630312960,14,0,0.000000,0,0,3,0.069813,121.000000,0,0,0.000000,0.350000,2,7.270000
1619076597630565120,15,0,0.000000,0,0,0,-0.000000,0.000000,0,0,0.000000,0.000000,0,81.910004
1619076597630813952,16,0,0.000000,0,0,0,-0.000000,0.000000,0,0,0.000000,0.000000,0,81.910004
1619076597631063040,17,0,0.500000,0,0,3,0.059341,149.699997,0,0,0.000000,0.450000,2,7.340000
1619076597631313920,18,0,0.750000,0,0,4,-0.153589,46.500000,0,0,0.000000,0.450000,0,7.310000
1619076597631563008,19,0,0.000000,0,0,0,-0.000000,0.000000,0,0,0.000000,0.000000,0,81.910004
1619076597631814912,20,0,0.000000,0,0,3,0.085521,84.900002,0,0,0.000000,0.400000,2,7.330000
1619076597632064000,21,0,0.000000,0,0,0,-0.000000,0.000000,0,0,0.000000,0.000000,0,81.910004
1619076597632314112,22,0,0.000000,0,0,1,0.212930,33.900002,0,0,0.000000,0.000000,1,7.220000
1619076597632563968,23,0,0.000000,0,0,0,-0.000000,0.000000,0,0,0.000000,0.000000,0,81.910004
1619076597632815104,24,0,0.000000,0,0,0,-0.000000,0.000000,0,0,0.000000,0.000000,0,81.910004
1619076597633063936,25,0,0.000000,0,0,0,-0.000000,0.000000,0,0,0.000000,0.000000,0,81.910004
1619076597633312000,26,0,0.000000,0,0,0,-0.000000,0.000000,0,0,0.000000,0.000000,0,81.910004
1619076597633562880,27,0,0.000000,0,0,0,-0.000000,0.000000,0,0,0.000000,0.000000,0,81.910004
1619076597633812992,28,0,0.000000,0,0,0,-0.000000,0.000000,0,0,0.000000,0.000000,0,81.910004
1619076597634064896,29,0,0.000000,0,0,3,0.338594,21.200001,0,0,0.000000,0.650000,1,6.930000
1619076597634311936,30,0,0.000000,0,0,0,-0.000000,0.000000,0,0,0.000000,0.000000,0,81.910004
1619076597634565888,31,0,0.250000,0,0,7,0.134390,138.699997,0,0,0.000000,0.000000,0,7.300000
1619076597634813952,32,0,0.000000,0,0,0,-0.000000,0.000000,0,0,0.000000,0.000000,0,81.910004
1619076597635064064,33,0,0.500000,0,0,4,0.125664,56.200001,0,0,0.000000,0.450000,0,7.250000
1619076597635312896,34,0,0.000000,0,0,0,-0.000000,0.000000,0,0,0.000000,0.000000,0,81.910004
1619076597635564032,35,0,0.000000,0,0,0,-0.000000,0.000000,0,0,0.000000,0.000000,0,81.910004
1619076597635813888,36,0,0.000000,0,0,0,-0.000000,0.000000,0,0,0.000000,0.000000,0,81.910004
1619076597636064000,37,0,0.000000,0,0,0,-0.000000,0.000000,0,0,0.000000,0.000000,0,81.910004
1619076597636312064,38,0,0.000000,0,0,0,-0.000000,0.000000,0,0,0.000000,0.000000,0,81.910004
1619076597636566016,39,0,3.000000,0,0,2,0.691150,11.200000,0,0,0.000000,0.050000,1,5.720000
1619076597636817920,40,0,-0.250000,0,0,3,0.012217,13.200000,0,0,0.000000,0.650000,3,0.520000
1619076597637064960,41,0,0.000000,0,0,0,-0.000000,0.000000,0,0,0.000000,0.000000,0,81.910004
1619076597637316096,42,0,0.000000,0,0,0,-0.000000,0.000000,0,0,0.000000,0.000000,0,81.910004
1619076597637570048,43,0,0.000000,0,0,0,-0.000000,0.000000,0,0,0.000000,0.000000,0,81.910004
1619076597637816064,44,0,0.000000,0,0,3,0.179769,38.299999,0,0,0.000000,0.200000,1,7.190000
1619076597638064896,45,0,0.000000,0,0,0,-0.000000,0.000000,0,0,0.000000,0.000000,0,81.910004
1619076597638316032,46,0,0.000000,0,0,0,-0.000000,0.000000,0,0,0.000000,0.000000,0,81.910004
1619076597638566912,47,0,-0.750000,0,0,3,-0.099484,67.400002,0,0,0.000000,0.400000,2,7.270000
1619076597638817024,48,0,0.000000,0,0,0,-0.000000,0.000000,0,0,0.000000,0.000000,0,81.910004
1619076597639066112,49,0,0.250000,0,0,3,0.069813,124.800003,0,0,0.000000,0.400000,2,7.340000
1619076597639313920,50,0,0.000000,0,0,0,-0.000000,0.000000,0,0,0.000000,0.000000,0,81.910004
1619076597639566080,51,0,0.000000,0,0,0,-0.000000,0.000000,0,0,0.000000,0.000000,0,81.910004
1619076597639814912,52,0,0.000000,0,0,0,-0.000000,0.000000,0,0,0.000000,0.000000,0,81.910004
1619076597640062976,53,0,-1.000000,0,0,4,-0.062832,104.400002,0,0,0.000000,0.250000,0,7.240000
1619076597640314880,54,0,4.000000,0,0,4,0.089012,71.599998,0,0,0.000000,0.400000,0,7.160000
1619076597640566016,55,0,0.000000,0,0,4,-0.254818,26.000000,0,0,0.000000,0.800000,0,7.280000
1619076597640816128,56,0,-0.250000,0,0,3,-0.167552,36.799999,0,0,0.000000,0.450000,1,7.300000
1619076597641078016,57,0,-1.750000,0,0,3,0.068068,138.899994,0,0,0.000000,0.300000,2,7.210000
1619076597641314048,58,0,0.000000,0,0,0,-0.000000,0.000000,0,0,0.000000,0.000000,0,81.910004
1619076597641563904,59,0,0.750000,0,0,3,-0.432842,15.000000,0,0,0.000000,1.300000,1,6.400000
1619076597641814016,60,0,0.000000,0,0,0,-0.000000,0.000000,0,0,0.000000,0.000000,0,81.910004
1619076597642067968,61,0,0.000000,0,0,0,-0.000000,0.000000,0,0,0.000000,0.000000,0,81.910004
1619076597642313984,62,0,0.250000,0,0,3,-0.095993,77.199997,0,0,0.000000,0.350000,2,7.200000
1619076597642565120,63,0,0.000000,0,0,0,-0.000000,0.000000,0,0,0.000000,0.000000,0,81.910004
1619076597676566016,0,0,0.000000,0,0,0,-0.000000,0.000000,0,0,0.000000,0.000000,0,81.910004
1619076597676814080,1,0,-0.250000,0,0,3,-0.122173,56.900002,0,0,0.000000,0.400000,2,7.270000
1619076597677063936,2,0,2.250000,0,0,7,0.104720,66.900002,0,0,0.000000,0.000000,0,7.350000
1619076597677312000,3,0,0.000000,0,0,0,-0.000000,0.000000,0,0,0.000000,0.000000,0,81.910004
1619076597677815040,4,0,0.000000,0,0,0,-0.000000,0.000000,0,0,0.000000,0.000000,0,81.910004
1619076597678062080,5,0,0.000000,0,0,0,-0.000000,0.000000,0,0,0.000000,0.000000,0,81.910004
1619076597678316032,6,0,0.000000,0,0,0,-0.000000,0.000000,0,0,0.000000,0.000000,0,81.910004
1619076597678567936,7,0,1.000000,0,0,2,0.268781,30.100000,0,0,0.000000,0.000000,1,7.160000
1619076597678814976,8,0,0.000000,0,0,0,-0.000000,0.000000,0,0,0.000000,0.000000,0,81.910004
1619076597679070976,9,0,0.000000,0,0,0,-0.000000,0.000000,0,0,0.000000,0.000000,0,81.910004
1619076597679314944,10,0,0.000000,0,0,0,-0.000000,0.000000,0,0,0.000000,0.000000,0,81.910004
1619076597679604992,11,0,0.000000,0,0,0,-0.000000,0.000000,0,0,0.000000,0.000000,0,81.910004
1619076597679815936,12,0,0.000000,0,0,0,-0.000000,0.000000,0,0,0.000000,0.000000,0,81.910004
1619076597680067072,13,0,0.000000,0,0,0,-0.000000,0.000000,0,0,0.000000,0.000000,0,81.910004
1619076597680315904,14,0,0.000000,0,0,3,0.069813,121.300003,0,0,0.000000,0.350000,2,7.280000
1619076597680568064,15,0,0.000000,0,0,0,-0.000000,0.000000,0,0,0.000000,0.000000,0,81.910004
1619076597680815104,16,0,0.000000,0,0,0,-0.000000,0.000000,0,0,0.000000,0.000000,0,81.910004
1619076597681065984,17,0,0.750000,0,0,3,0.059341,150.100006,0,0,0.000000,0.450000,2,7.350000
1619076597681314048,18,0,0.750000,0,0,4,-0.151844,46.900002,0,0,0.000000,0.450000,0,7.330000
1619076597681564928,19,0,0.000000,0,0,0,-0.000000,0.000000,0,0,0.000000,0.000000,0,81.910004
1619076597681817088,20,0,0.000000,0,0,3,0.085521,85.300003,0,0,0.000000,0.400000,2,7.340000
1619076597682065920,21,0,0.000000,0,0,0,-0.000000,0.000000,0,0,0.000000,0.000000,0,81.910004
1619076597682312960,22,0,1.250000,0,0,2,0.221657,34.299999,0,0,0.000000,0.000000,1,7.230000
1619076597682565120,23,0,0.000000,0,0,0,-0.000000,0.000000,0,0,0.000000,0.000000,0,81.910004
1619076597682813952,24,0,0.000000,0,0,0,-0.000000,0.000000,0,0,0.000000,0.000000,0,81.910004
1619076597683066112,25,0,0.000000,0,0,0,-0.000000,0.000000,0,0,0.000000,0.000000,0,81.910004
1619076597683313920,26,0,0.000000,0,0,0,-0.000000,0.000000,0,0,0.000000,0.000000,0,81.910004
1619076597683566080,27,0,0.000000,0,0,0,-0.000000,0.000000,0,0,0.000000,0.000000,0,81.910004
1619076597683817984,28,0,0.000000,0,0,0,-0.000000,0.000000,0,0,0.000000,0.000000,0,81.910004
1619076597684064000,29,0,0.000000,0,0,3,0.317650,21.500000,0,0,0.000000,0.650000,1,6.950000
1619076597684317952,30,0,0.000000,0,0,0,-0.000000,0.000000,0,0,0.000000,0.000000,0,81.910004
1619076597684563968,31,0,0.000000,0,0,0,-0.000000,0.000000,0,0,0.000000,0.000000,0,81.910004
1619076597684815104,32,0,0.000000,0,0,0,-0.000000,0.000000,0,0,0.000000,0.000000,0,81.910004
1619076597685063936,33,0,0.500000,0,0,4,0.125664,56.599998,0,0,0.000000,0.450000,0,7.270000
1619076597685318912,34,0,0.000000,0,0,0,-0.000000,0.000000,0,0,0.000000,0.000000,0,81.910004
1619076597685564928,35,0,0.000000,0,0,0,-0.000000,0.000000,0,0,0.000000,0.000000,0,81.910004
1619076597685815040,36,0,0.000000,0,0,0,-0.000000,0.000000,0,0,0.000000,0.000000,0,81.910004
1619076597686063104,37,0,0.000000,0,0,0,-0.000000,0.000000,0,0,0.000000,0.000000,0,81.910004
1619076597686311936,38,0,0.000000,0,0,0,-0.000000,0.000000,0,0,0.000000,0.000000,0,81.910004
1619076597686564096,39,0,3.000000,0,0,7,0.670206,11.500000,0,0,0.000000,0.050000,0,5.720000
1619076597686814976,40,0,-0.250000,0,0,3,0.010472,13.200000,0,0,0.000000,0.650000,3,0.530000
1619076597687063040,41,0,0.000000,0,0,0,-0.000000,0.000000,0,0,0.000000,0.000000,0,81.910004
1619076597687312896,42,0,0.000000,0,0,0,-0.000000,0.000000,0,0,0.000000,0.000000,0,81.910004
1619076597687564032,43,0,0.000000,0,0,0,-0.000000,0.000000,0,0,0.000000,0.000000,0,81.910004
1619076597687815936,44,0,-1.500000,0,0,3,0.188496,38.700001,0,0,0.000000,0.200000,1,7.200000
1619076597688064000,45,0,0.000000,0,0,0,-0.000000,0.000000,0,0,0.000000,0.000000,0,81.910004
1619076597688317952,46,0,0.000000,0,0,0,-0.000000,0.000000,0,0,0.000000,0.000000,0,81.910004
1619076597688562944,47,0,-0.750000,0,0,3,-0.099484,67.800003,0,0,0.000000,0.400000,2,7.300000
1619076597688816128,48,0,0.000000,0,0,0,-0.000000,0.000000,0,0,0.000000,0.000000,0,81.910004
1619076597689062912,49,0,0.250000,0,0,3,0.068068,125.099998,0,0,0.000000,0.400000,2,7.360000
1619076597689352960,50,0,0.000000,0,0,0,-0.000000,0.000000,0,0,0.000000,0.000000,0,81.910004
1619076597689562880,51,0,0.000000,0,0,0,-0.000000,0.000000,0,0,0.000000,0.000000,0,81.910004
1619076597689815040,52,0,0.000000,0,0,0,-0.000000,0.000000,0,0,0.000000,0.000000,0,81.910004
1619076597690063872,53,0,-1.000000,0,0,4,-0.062832,104.800003,0,0,0.000000,0.250000,0,7.250000
1619076597690312960,54,0,4.000000,0,0,4,0.087266,71.900002,0,0,0.000000,0.400000,0,7.170000
1619076597690564096,55,0,0.000000,0,0,4,-0.251327,26.400000,0,0,0.000000,0.800000,0,7.310000
1619076597690851072,56,0,-0.250000,0,0,4,-0.165806,37.200001,0,0,0.000000,0.450000,0,7.310000
1619076597691066112,57,0,-2.000000,0,0,3,0.068068,139.300003,0,0,0.000000,0.300000,2,7.230000
1619076597691312896,58,0,0.000000,0,0,0,-0.000000,0.000000,0,0,0.000000,0.000000,0,81.910004
1619076597691564032,59,0,3.250000,0,0,3,-0.445059,15.400000,0,0,0.000000,1.300000,1,6.460000
1619076597691814912,60,0,0.000000,0,0,0,-0.000000,0.000000,0,0,0.000000,0.000000,0,81.910004
1619076597692065024,61,0,0.000000,0,0,0,-0.000000,0.000000,0,0,0.000000,0.000000,0,81.910004
1619076597692313088,62,0,0.250000,0,0,4,-0.094248,77.599998,0,0,0.000000,0.350000,0,7.210000
1619076597692563968,63,0,0.000000,0,0,0,-0.000000,0.000000,0,0,0.000000,0.000000,0,81.910004
1619076597726607104,0,0,0.000000,0,0,0,-0.000000,0.000000,0,0,0.000000,0.000000,0,81.910004
1619076597726607104,1,0,-0.250000,0,0,3,-0.118682,57.299999,0,0,0.000000,0.400000,2,7.300000
1619076597726855936,2,0,2.000000,0,0,2,0.102974,67.400002,0,0,0.000000,0.000000,2,7.360000
1619076597727065088,3,0,0.000000,0,0,1,-0.277507,21.000000,0,0,0.000000,0.000000,1,7.090000
1619076597727852032,4,0,0.000000,0,0,0,-0.000000,0.000000,0,0,0.000000,0.000000,0,81.910004
1619076597728066048,5,0,0.000000,0,0,0,-0.000000,0.000000,0,0,0.000000,0.000000,0,81.910004
1619076597728314112,6,0,0.000000,0,0,0,-0.000000,0.000000,0,0,0.000000,0.000000,0,81.910004
1619076597728570880,7,0,1.500000,0,0,2,0.263545,30.400000,0,0,0.000000,0.000000,1,7.170000
1619076597728850944,8,0,0.000000,0,0,0,-0.000000,0.000000,0,0,0.000000,0.000000,0,81.910004
1619076597729102080,9,0,0.000000,0,0,0,-0.000000,0.000000,0,0,0.000000,0.000000,0,81.910004
1619076597729352960,10,0,0.000000,0,0,0,-0.000000,0.000000,0,0,0.000000,0.000000,0,81.910004
1619076597729605120,11,0,0.000000,0,0,0,-0.000000,0.000000,0,0,0.000000,0.000000,0,81.910004
1619076597729851904,12,0,0.000000,0,0,0,-0.000000,0.000000,0,0,0.000000,0.000000,0,81.910004
1619076597730100992,13,0,0.000000,0,0,0,-0.000000,0.000000,0,0,0.000000,0.000000,0,81.910004
1619076597730351104,14,0,0.000000,0,0,3,0.069813,121.599998,0,0,0.000000,0.400000,2,7.300000
1619076597730603008,15,0,0.000000,0,0,0,-0.000000,0.000000,0,0,0.000000,0.000000,0,81.910004
1619076597730852096,16,0,0.000000,0,0,0,-0.000000,0.000000,0,0,0.000000,0.000000,0,81.910004
1619076597731062016,17,0,0.500000,0,0,3,0.059341,150.399994,0,0,0.000000,0.450000,2,7.370000
1619076597731351040,18,0,2.250000,0,0,3,-0.157080,47.500000,0,0,0.000000,0.450000,2,7.340000
1619076597731599872,19,0,0.000000,0,0,0,-0.000000,0.000000,0,0,0.000000,0.000000,0,81.910004
1619076597731849984,20,0,0.000000,0,0,3,0.085521,85.599998,0,0,0.000000,0.400000,2,7.360000
1619076597732100096,21,0,0.000000,0,0,0,-0.000000,0.000000,0,0,0.000000,0.000000,0,81.910004
1619076597732350976,22,0,2.000000,0,0,2,0.211185,34.599998,0,0,0.000000,0.000000,1,7.230000
1619076597732605952,23,0,0.000000,0,0,0,-0.000000,0.000000,0,0,0.000000,0.000000,0,81.910004
1619076597732848896,24,0,0.000000,0,0,0,-0.000000,0.000000,0,0,0.000000,0.000000,0,81.910004
1619076597733101056,25,0,0.000000,0,0,0,-0.000000,0.000000,0,0,0.000000,0.000000,0,81.910004
1619076597733349888,26,0,0.000000,0,0,0,-0.000000,0.000000,0,0,0.000000,0.000000,0,81.910004
1619076597733598976,27,0,0.000000,0,0,1,-0.190241,30.200001,0,0,0.000000,0.000000,1,7.210000
1619076597733850112,28,0,0.000000,0,0,0,-0.000000,0.000000,0,0,0.000000,0.000000,0,81.910004
1619076597734102016,29,0,0.000000,0,0,3,0.315905,21.799999,0,0,0.000000,0.650000,1,6.970000
1619076597734350080,30,0,0.000000,0,0,0,-0.000000,0.000000,0,0,0.000000,0.000000,0,81.910004
1619076597734599936,31,0,0.000000,0,0,0,-0.000000,0.000000,0,0,0.000000,0.000000,0,81.910004
1619076597734852096,32,0,0.000000,0,0,0,-0.000000,0.000000,0,0,0.000000,0.000000,0,81.910004
1619076597735100928,33,0,0.500000,0,0,3,0.123918,56.900002,0,0,0.000000,0.450000,2,7.290000
1619076597735348992,34,0,0.000000,0,0,1,-0.647517,11.000000,0,0,0.000000,0.000000,1,5.920000
1619076597735599104,35,0,0.000000,0,0,0,-0.000000,0.000000,0,0,0.000000,0.000000,0,81.910004
1619076597735848960,36,0,0.000000,0,0,0,-0.000000,0.000000,0,0,0.000000,0.000000,0,81.910004
1619076597736101120,37,0,0.000000,0,0,0,-0.000000,0.000000,0,0,0.000000,0.000000,0,81.910004
1619076597736354048,38,0,0.000000,0,0,0,-0.000000,0.000000,0,0,0.000000,0.000000,0,81.910004
1619076597736599040,39,0,4.750000,0,0,3,0.654498,11.700000,0,0,0.000000,0.000000,1,5.600000
1619076597736849920,40,0,-0.250000,0,0,3,0.012217,13.300000,0,0,0.000000,0.650000,3,0.550000
1619076597737100032,41,0,0.000000,0,0,0,-0.000000,0.000000,0,0,0.000000,0.000000,0,81.910004
1619076597737347072,42,0,0.000000,0,0,0,-0.000000,0.000000,0,0,0.000000,0.000000,0,81.910004
1619076597737597952,43,0,0.000000,0,0,0,-0.000000,0.000000,0,0,0.000000,0.000000,0,81.910004
1619076597737850880,44,0,-2.250000,0,0,3,0.188496,39.000000,0,0,0.000000,0.200000,1,7.200000
1619076597738099968,45,0,0.000000,0,0,0,-0.000000,0.000000,0,0,0.000000,0.000000,0,81.910004
1619076597738355968,46,0,0.000000,0,0,0,-0.000000,0.000000,0,0,0.000000,0.000000,0,81.910004
1619076597738600960,47,0,-0.750000,0,0,3,-0.101229,68.099998,0,0,0.000000,0.400000,2,7.320000
1619076597738852096,48,0,0.000000,0,0,0,-0.000000,0.000000,0,0,0.000000,0.000000,0,81.910004
1619076597739100928,49,0,0.250000,0,0,3,0.068068,125.500000,0,0,0.000000,0.400000,2,7.380000
1619076597739350016,50,0,0.000000,0,0,0,-0.000000,0.000000,0,0,0.000000,0.000000,0,81.910004
1619076597739600896,51,0,0.000000,0,0,0,-0.000000,0.000000,0,0,0.000000,0.000000,0,81.910004
1619076597739856896,52,0,0.000000,0,0,0,-0.000000,0.000000,0,0,0.000000,0.000000,0,81.910004
1619076597740101888,53,0,-1.000000,0,0,4,-0.062832,105.099998,0,0,0.000000,0.250000,0,7.260000
1619076597740350976,54,0,4.000000,0,0,4,0.087266,72.300003,0,0,0.000000,0.400000,0,7.180000
1619076597740600064,55,0,0.250000,0,0,3,-0.247837,26.900000,0,0,0.000000,0.700000,1,7.300000
1619076597740850944,56,0,-0.250000,0,0,4,-0.164061,37.599998,0,0,0.000000,0.450000,0,7.330000
1619076597741101056,57,0,-2.000000,0,0,4,0.068068,139.699997,0,0,0.000000,0.300000,0,7.240000
1619076597741353984,58,0,0.000000,0,0,0,-0.000000,0.000000,0,0,0.000000,0.000000,0,81.910004
1619076597741598976,59,0,3.000000,0,0,3,-0.432842,15.700000,0,0,0.000000,1.450000,1,6.570000
1619076597741850112,60,0,0.000000,0,0,0,-0.000000,0.000000,0,0,0.000000,0.000000,0,81.910004
1619076597742100992,61,0,0.000000,0,0,0,-0.000000,0.000000,0,0,0.000000,0.000000,0,81.910004
1619076597742350080,62,0,0.250000,0,0,4,-0.094248,77.900002,0,0,0.000000,0.350000,0,7.220000
1619076597742597888,63,0,0.000000,0,0,0,-0.000000,0.000000,0,0,0.000000,0.000000,0,81.910004
1619076597776348928,0,0,0.000000,0,0,0,-0.000000,0.000000,0,0,0.000000,0.000000,0,81.910004
1619076597776632064,1,0,-0.500000,0,0,3,-0.118682,57.900002,0,0,0.000000,0.400000,2,7.320000
1619076597776851968,2,0,0.000000,0,0,0,-0.000000,0.000000,0,0,0.000000,0.000000,0,81.910004
1619076597777101056,3,0,0.000000,0,0,0,-0.000000,0.000000,0,0,0.000000,0.000000,0,81.910004
1619076597777848064,4,0,0.000000,0,0,0,-0.000000,0.000000,0,0,0.000000,0.000000,0,81.910004
1619076597778096896,5,0,0.000000,0,0,1,-0.476475,15.600000,0,0,0.000000,0.000000,1,-64.970001
1619076597778348032,6,0,0.000000,0,0,0,-0.000000,0.000000,0,0,0.000000,0.000000,0,81.910004
1619076597778632960,7,0,1.500000,0,0,7,0.260054,30.799999,0,0,0.000000,0.000000,0,7.170000
1619076597778878976,8,0,0.000000,0,0,0,-0.000000,0.000000,0,0,0.000000,0.000000,0,81.910004
1619076597779126016,9,0,0.000000,0,0,0,-0.000000,0.000000,0,0,0.000000,0.000000,0,81.910004
1619076597779350016,10,0,0.000000,0,0,0,-0.000000,0.000000,0,0,0.000000,0.000000,0,81.910004
1619076597779599872,11,0,0.000000,0,0,0,-0.000000,0.000000,0,0,0.000000,0.000000,0,81.910004
1619076597779849984,12,0,0.000000,0,0,0,-0.000000,0.000000,0,0,0.000000,0.000000,0,81.910004
1619076597780131072,13,0,0.000000,0,0,1,0.162316,95.300003,0,0,0.000000,0.000000,2,7.300000
1619076597780375040,14,0,-0.250000,0,0,3,0.069813,122.000000,0,0,0.000000,0.400000,2,7.310000
1619076597780596992,15,0,0.000000,0,0,0,-0.000000,0.000000,0,0,0.000000,0.000000,0,81.910004
1619076597780847104,16,0,0.000000,0,0,0,-0.000000,0.000000,0,0,0.000000,0.000000,0,81.910004
1619076597781100032,17,0,0.000000,0,0,3,0.061087,150.800003,0,0,0.000000,0.450000,2,7.380000
1619076597781349120,18,0,3.750000,0,0,3,-0.162316,48.099998,0,0,0.000000,0.450000,2,7.350000
1619076597781627904,19,0,0.000000,0,0,0,-0.000000,0.000000,0,0,0.000000,0.000000,0,81.910004
1619076597781874944,20,0,0.250000,0,0,3,0.085521,86.000000,0,0,0.000000,0.400000,2,7.380000
1619076597782098944,21,0,0.000000,0,0,0,-0.000000,0.000000,0,0,0.000000,0.000000,0,81.910004
1619076597782349056,22,0,2.250000,0,0,2,0.207694,35.000000,0,0,0.000000,0.000000,1,7.240000
1619076597782626048,23,0,0.000000,0,0,0,-0.000000,0.000000,0,0,0.000000,0.000000,0,81.910004
1619076597782846976,24,0,0.000000,0,0,0,-0.000000,0.000000,0,0,0.000000,0.000000,0,81.910004
1619076597783099904,25,0,0.000000,0,0,0,-0.000000,0.000000,0,0,0.000000,0.000000,0,81.910004
1619076597783348992,26,0,0.000000,0,0,0,-0.000000,0.000000,0,0,0.000000,0.000000,0,81.910004
1619076597783601920,27,0,0.000000,0,0,0,-0.000000,0.000000,0,0,0.000000,0.000000,0,81.910004
1619076597783870976,28,0,0.000000,0,0,0,-0.000000,0.000000,0,0,0.000000,0.000000,0,81.910004
1619076597784102912,29,0,0.000000,0,0,3,0.312414,22.100000,0,0,0.000000,0.650000,1,6.990000
1619076597784356096,30,0,0.000000,0,0,0,-0.000000,0.000000,0,0,0.000000,0.000000,0,81.910004
1619076597784602112,31,0,0.000000,0,0,0,-0.000000,0.000000,0,0,0.000000,0.000000,0,81.910004
1619076597784854016,32,0,0.000000,0,0,1,-0.712094,33.000000,0,0,0.000000,0.000000,1,5.580000
1619076597785102080,33,0,0.500000,0,0,4,0.122173,57.299999,0,0,0.000000,0.450000,0,7.300000
1619076597785351936,34,0,0.000000,0,0,0,-0.000000,0.000000,0,0,0.000000,0.000000,0,81.910004
1619076597785598976,35,0,0.000000,0,0,0,-0.000000,0.000000,0,0,0.000000,0.000000,0,81.910004
1619076597785852928,36,0,0.000000,0,0,0,-0.000000,0.000000,0,0,0.000000,0.000000,0,81.910004
1619076597786104064,37,0,0.000000,0,0,0,-0.000000,0.000000,0,0,0.000000,0.000000,0,81.910004
1619076597786382080,38,0,0.000000,0,0,0,-0.000000,0.000000,0,0,0.000000,0.000000,0,81.910004
1619076597786599936,39,0,4.500000,0,0,3,0.635300,12.000000,0,0,0.000000,0.350000,1,5.710000
1619076597786881024,40,0,-0.250000,0,0,3,0.010472,13.300000,0,0,0.000000,0.650000,3,0.570000
1619076597787132928,41,0,0.000000,0,0,0,-0.000000,0.000000,0,0,0.000000,0.000000,0,81.910004
1619076597787382016,42,0,0.000000,0,0,0,-0.000000,0.000000,0,0,0.000000,0.000000,0,81.910004
1619076597787601920,43,0,0.000000,0,0,0,-0.000000,0.000000,0,0,0.000000,0.000000,0,81.910004
1619076597787848960,44,0,-2.250000,0,0,4,0.186750,39.400002,0,0,0.000000,0.200000,0,7.200000
1619076597788099072,45,0,0.000000,0,0,0,-0.000000,0.000000,0,0,0.000000,0.000000,0,81.910004
1619076597788370944,46,0,0.000000,0,0,0,-0.000000,0.000000,0,0,0.000000,0.000000,0,81.910004
1619076597788600064,47,0,-0.750000,0,0,3,-0.097738,68.400002,0,0,0.000000,0.400000,2,7.340000
1619076597788848896,48,0,0.000000,0,0,0,-0.000000,0.000000,0,0,0.000000,0.000000,0,81.910004
1619076597789095936,49,0,0.250000,0,0,3,0.068068,125.900002,0,0,0.000000,0.400000,2,7.390000
1619076597789349120,50,0,0.000000,0,0,0,-0.000000,0.000000,0,0,0.000000,0.000000,0,81.910004
1619076597789600000,51,0,0.000000,0,0,0,-0.000000,0.000000,0,0,0.000000,0.000000,0,81.910004
1619076597789849088,52,0,0.000000,0,0,0,-0.000000,0.000000,0,0,0.000000,0.000000,0,81.910004
1619076597790100992,53,0,-1.000000,0,0,4,-0.062832,105.500000,0,0,0.000000,0.250000,0,7.270000
1619076597790352896,54,0,2.000000,0,0,3,0.089012,72.699997,0,0,0.000000,0.550000,2,7.240000
1619076597790603008,55,0,0.250000,0,0,3,-0.246091,27.200001,0,0,0.000000,0.550000,1,7.290000
1619076597790852096,56,0,-0.250000,0,0,3,-0.162316,38.200001,0,0,0.000000,0.450000,1,7.340000
1619076597791101952,57,0,-1.250000,0,0,3,0.068068,140.300003,0,0,0.000000,0.300000,2,7.270000
1619076597791350016,58,0,0.000000,0,0,0,-0.000000,0.000000,0,0,0.000000,0.000000,0,81.910004
1619076597791599104,59,0,2.000000,0,0,3,-0.420624,16.000000,0,0,0.000000,1.650000,1,6.690000
1619076597791849984,60,0,0.000000,0,0,0,-0.000000,0.000000,0,0,0.000000,0.000000,0,81.910004
1619076597792100096,61,0,0.000000,0,0,0,-0.000000,0.000000,0,0,0.000000,0.000000,0,81.910004
1619076597792349952,62,0,0.000000,0,0,3,-0.094248,78.400002,0,0,0.000000,0.350000,2,7.240000
1619076597792598016,63,0,0.000000,0,0,0,-0.000000,0.000000,0,0,0.000000,0.000000,0,81.910004
1619076597826349056,0,0,0.000000,0,0,0,-0.000000,0.000000,0,0,0.000000,0.000000,0,81.910004
1619076597826597120,1,0,-0.500000,0,0,4,-0.118682,58.200001,0,0,0.000000,0.400000,0,7.340000
1619076597826848000,2,0,0.000000,0,0,0,-0.000000,0.000000,0,0,0.000000,0.000000,0,81.910004
1619076597827111936,3,0,0.000000,0,0,0,-0.000000,0.000000,0,0,0.000000,0.000000,0,81.910004
1619076597827848960,4,0,0.000000,0,0,0,-0.000000,0.000000,0,0,0.000000,0.000000,0,81.910004
1619076597828096000,5,0,0.000000,0,0,0,-0.000000,0.000000,0,0,0.000000,0.000000,0,81.910004
1619076597828346880,6,0,0.000000,0,0,0,-0.000000,0.000000,0,0,0.000000,0.000000,0,81.910004
1619076597828598016,7,0,3.000000,0,0,3,0.253073,31.400000,0,0,0.000000,0.000000,1,7.200000
1619076597828846080,8,0,0.000000,0,0,0,-0.000000,0.000000,0,0,0.000000,0.000000,0,81.910004
1619076597829097984,9,0,0.000000,0,0,0,-0.000000,0.000000,0,0,0.000000,0.000000,0,81.910004
1619076597829350912,10,0,0.000000,0,0,0,-0.000000,0.000000,0,0,0.000000,0.000000,0,81.910004
1619076597829596928,11,0,0.000000,0,0,0,-0.000000,0.000000,0,0,0.000000,0.000000,0,81.910004
1619076597829849088,12,0,0.000000,0,0,0,-0.000000,0.000000,0,0,0.000000,0.000000,0,81.910004
1619076597830099968,13,0,1.000000,0,0,2,0.160570,95.699997,0,0,0.000000,0.000000,2,7.300000
1619076597830350080,14,0,-0.250000,0,0,3,0.069813,122.300003,0,0,0.000000,0.400000,2,7.330000
1619076597830600960,15,0,0.000000,0,0,0,-0.000000,0.000000,0,0,0.000000,0.000000,0,81.910004
1619076597830848000,16,0,0.000000,0,0,0,-0.000000,0.000000,0,0,0.000000,0.000000,0,81.910004
1619076597831121920,17,0,0.000000,0,0,3,0.059341,151.199997,0,0,0.000000,0.450000,2,7.400000
1619076597831352064,18,0,1.500000,0,0,3,-0.153589,48.700001,0,0,0.000000,0.450000,2,7.370000
1619076597831600128,19,0,0.000000,0,0,0,-0.000000,0.000000,0,0,0.000000,0.000000,0,81.910004
1619076597831848960,20,0,0.000000,0,0,3,0.085521,86.400002,0,0,0.000000,0.400000,2,7.390000
1619076597832099072,21,0,0.000000,0,0,0,-0.000000,0.000000,0,0,0.000000,0.000000,0,81.910004
1619076597832348928,22,0,2.250000,0,0,7,0.204204,35.299999,0,0,0.000000,0.000000,0,7.240000
1619076597832598016,23,0,0.000000,0,0,0,-0.000000,0.000000,0,0,0.000000,0.000000,0,81.910004
1619076597832850944,24,0,0.000000,0,0,0,-0.000000,0.000000,0,0,0.000000,0.000000,0,81.910004
1619076597833097984,25,0,0.000000,0,0,0,-0.000000,0.000000,0,0,0.000000,0.000000,0,81.910004
1619076597833348096,26,0,0.000000,0,0,0,-0.000000,0.000000,0,0,0.000000,0.000000,0,81.910004
1619076597833597952,27,0,0.000000,0,0,0,-0.000000,0.000000,0,0,0.000000,0.000000,0,81.910004
1619076597833847040,28,0,0.000000,0,0,0,-0.000000,0.000000,0,0,0.000000,0.000000,0,81.910004
1619076597834097920,29,0,0.250000,0,0,3,0.310669,22.400000,0,0,0.000000,0.650000,1,7.020000
1619076597834348032,30,0,0.000000,0,0,0,-0.000000,0.000000,0,0,0.000000,0.000000,0,81.910004
1619076597834846976,31,0,0.000000,0,0,0,-0.000000,0.000000,0,0,0.000000,0.000000,0,81.910004
1619076597835099904,32,0,0.000000,0,0,0,-0.000000,0.000000,0,0,0.000000,0.000000,0,81.910004
1619076597835350016,33,0,0.500000,0,0,4,0.120428,57.700001,0,0,0.000000,0.450000,0,7.320000
1619076597835599104,34,0,0.000000,0,0,0,-0.000000,0.000000,0,0,0.000000,0.000000,0,81.910004
1619076597835845888,35,0,0.000000,0,0,0,-0.000000,0.000000,0,0,0.000000,0.000000,0,81.910004
1619076597836098048,36,0,0.000000,0,0,0,-0.000000,0.000000,0,0,0.000000,0.000000,0,81.910004
1619076597836348928,37,0,0.000000,0,0,0,-0.000000,0.000000,0,0,0.000000,0.000000,0,81.910004
1619076597836601088,38,0,0.000000,0,0,0,-0.000000,0.000000,0,0,0.000000,0.000000,0,81.910004
1619076597836849920,39,0,4.250000,0,0,3,0.600393,12.500000,0,0,0.000000,1.200000,1,6.000000
1619076597837102080,40,0,0.000000,0,0,3,0.003491,13.300000,0,0,0.000000,0.650000,3,0.590000
1619076597837349120,41,0,0.000000,0,0,0,-0.000000,0.000000,0,0,0.000000,0.000000,0,81.910004
1619076597837597952,42,0,0.000000,0,0,0,-0.000000,0.000000,0,0,0.000000,0.000000,0,81.910004
1619076597837852928,43,0,0.000000,0,0,1,0.164061,45.400002,0,0,0.000000,0.000000,2,7.320000
1619076597838097920,44,0,0.500000,0,0,3,0.176278,39.900002,0,0,0.000000,0.250000,3,7.230000
1619076597838350080,45,0,0.000000,0,0,0,-0.000000,0.000000,0,0,0.000000,0.000000,0,81.910004
1619076597838598912,46,0,0.000000,0,0,0,-0.000000,0.000000,0,0,0.000000,0.000000,0,81.910004
1619076597838848000,47,0,-0.750000,0,0,3,-0.097738,68.800003,0,0,0.000000,0.400000,2,7.350000
1619076597839099904,48,0,0.000000,0,0,0,-0.000000,0.000000,0,0,0.000000,0.000000,0,81.910004
1619076597839352064,49,0,0.000000,0,0,3,0.068068,126.300003,0,0,0.000000,0.400000,2,7.410000
1619076597839601920,50,0,0.000000,0,0,0,-0.000000,0.000000,0,0,0.000000,0.000000,0,81.910004
1619076597839855104,51,0,0.000000,0,0,0,-0.000000,0.000000,0,0,0.000000,0.000000,0,81.910004
1619076597840099072,52,0,0.000000,0,0,0,-0.000000,0.000000,0,0,0.000000,0.000000,0,81.910004
1619076597840348928,53,0,-1.000000,0,0,4,-0.062832,105.900002,0,0,0.000000,0.250000,0,7.270000
1619076597840599040,54,0,1.750000,0,0,3,0.085521,73.199997,0,0,0.000000,0.650000,2,7.300000
1619076597840849920,55,0,0.250000,0,0,3,-0.246091,27.600000,0,0,0.000000,0.450000,1,7.280000
1619076597841099008,56,0,-0.250000,0,0,3,-0.162316,38.500000,0,0,0.000000,0.450000,1,7.350000
1619076597841349120,57,0,-0.250000,0,0,3,0.064577,140.899994,0,0,0.000000,0.350000,2,7.280000
1619076597841598976,58,0,0.000000,0,0,0,-0.000000,0.000000,0,0,0.000000,0.000000,0,81.910004
1619076597841852928,59,0,4.000000,0,0,3,-0.432842,16.600000,0,0,0.000000,1.450000,1,6.710000
1619076597842097920,60,0,0.000000,0,0,1,-0.249582,23.500000,0,0,0.000000,0.000000,1,7.190000
1619076597842350080,61,0,0.000000,0,0,0,-0.000000,0.000000,0,0,0.000000,0.000000,0,81.910004
1619076597842600960,62,0,0.000000,0,0,3,-0.094248,79.000000,0,0,0.000000,0.400000,2,7.270000
1619076597842848000,63,0,0.000000,0,0,0,-0.000000,0.000000,0,0,0.000000,0.000000,0,81.910004
1619076597876346880,0,0,0.000000,0,0,0,-0.000000,0.000000,0,0,0.000000,0.000000,0,81.910004
1619076597876598016,1,0,-0.250000,0,0,3,-0.118682,58.700001,0,0,0.000000,0.400000,2,7.350000
1619076597876875008,2,0,0.000000,0,0,0,-0.000000,0.000000,0,0,0.000000,0.000000,0,81.910004
1619076597877101056,3,0,0.000000,0,0,0,-0.000000,0.000000,0,0,0.000000,0.000000,0,81.910004
1619076597877870080,4,0,0.000000,0,0,0,-0.000000,0.000000,0,0,0.000000,0.000000,0,81.910004
1619076597878128128,5,0,0.000000,0,0,0,-0.000000,0.000000,0,0,0.000000,0.000000,0,81.910004
1619076597878375936,6,0,0.000000,0,0,0,-0.000000,0.000000,0,0,0.000000,0.000000,0,81.910004
1619076597878596096,7,0,3.500000,0,0,3,0.237365,31.700001,0,0,0.000000,0.050000,1,7.210000
1619076597878881024,8,0,0.000000,0,0,0,-0.000000,0.000000,0,0,0.000000,0.000000,0,81.910004
1619076597879153920,9,0,0.000000,0,0,0,-0.000000,0.000000,0,0,0.000000,0.000000,0,81.910004
1619076597879368960,10,0,0.000000,0,0,0,-0.000000,0.000000,0,0,0.000000,0.000000,0,81.910004
1619076597879595008,11,0,0.000000,0,0,0,-0.000000,0.000000,0,0,0.000000,0.000000,0,81.910004
1619076597879901952,12,0,0.000000,0,0,0,-0.000000,0.000000,0,0,0.000000,0.000000,0,81.910004
1619076597880099072,13,0,1.000000,0,0,7,0.158825,96.099998,0,0,0.000000,0.000000,0,7.300000
1619076597880395008,14,0,0.000000,0,0,0,-0.000000,0.000000,0,0,0.000000,0.000000,0,81.910004
1619076597880646912,15,0,0.000000,0,0,0,-0.000000,0.000000,0,0,0.000000,0.000000,0,81.910004
1619076597880845056,16,0,0.000000,0,0,0,-0.000000,0.000000,0,0,0.000000,0.000000,0,81.910004
1619076597881096960,17,0,0.000000,0,0,3,0.059341,151.600006,0,0,0.000000,0.450000,2,7.410000
1619076597881368064,18,0,1.500000,0,0,4,-0.151844,49.099998,0,0,0.000000,0.450000,0,7.380000
1619076597881661952,19,0,0.000000,0,0,0,-0.000000,0.000000,0,0,0.000000,0.000000,0,81.910004
1619076597881907968,20,0,0.250000,0,0,3,0.085521,86.699997,0,0,0.000000,0.400000,2,7.410000
1619076597882155008,21,0,0.000000,0,0,0,-0.000000,0.000000,0,0,0.000000,0.000000,0,81.910004
1619076597882345984,22,0,0.000000,0,0,0,-0.000000,0.000000,0,0,0.000000,0.000000,0,81.910004
1619076597882630912,23,0,0.000000,0,0,0,-0.000000,0.000000,0,0,0.000000,0.000000,0,81.910004
1619076597882894080,24,0,0.000000,0,0,0,-0.000000,0.000000,0,0,0.000000,0.000000,0,81.910004
1619076597883153920,25,0,0.000000,0,0,0,-0.000000,0.000000,0,0,0.000000,0.000000,0,81.910004
1619076597883344896,26,0,0.000000,0,0,1,0.158825,130.699997,0,0,0.000000,0.000000,2,7.360000
1619076597883596032,27,0,0.000000,0,0,0,-0.000000,0.000000,0,0,0.000000,0.000000,0,81.910004
1619076597883867904,28,0,0.000000,0,0,0,-0.000000,0.000000,0,0,0.000000,0.000000,0,81.910004
1619076597884120064,29,0,0.250000,0,0,3,0.307178,22.799999,0,0,0.000000,0.650000,1,7.040000
1619076597884370944,30,0,0.000000,0,0,0,-0.000000,0.000000,0,0,0.000000,0.000000,0,81.910004
1619076597884631040,31,0,0.000000,0,0,0,-0.000000,0.000000,0,0,0.000000,0.000000,0,81.910004
1619076597884870912,32,0,0.000000,0,0,0,-0.000000,0.000000,0,0,0.000000,0.000000,0,81.910004
1619076597885120000,33,0,0.500000,0,0,3,0.120428,58.299999,0,0,0.000000,0.450000,2,7.340000
1619076597885349888,34,0,0.000000,0,0,0,-0.000000,0.000000,0,0,0.000000,0.000000,0,81.910004
1619076597885616896,35,0,0.000000,0,0,0,-0.000000,0.000000,0,0,0.000000,0.000000,0,81.910004
1619076597885872128,36,0,0.000000,0,0,0,-0.000000,0.000000,0,0,0.000000,0.000000,0,81.910004
1619076597886119936,37,0,0.000000,0,0,0,-0.000000,0.000000,0,0,0.000000,0.000000,0,81.910004
1619076597886366976,38,0,0.000000,0,0,0,-0.000000,0.000000,0,0,0.000000,0.000000,0,81.910004
1619076597886618880,39,0,4.250000,0,0,4,0.584685,12.800000,0,0,0.000000,1.200000,0,6.050000
1619076597886873088,40,0,0.000000,0,0,3,-0.001745,13.300000,0,0,0.000000,0.650000,3,0.590000
1619076597887120896,41,0,0.000000,0,0,0,-0.000000,0.000000,0,0,0.000000,0.000000,0,81.910004
1619076597887348992,42,0,0.000000,0,0,0,-0.000000,0.000000,0,0,0.000000,0.000000,0,81.910004
1619076597887636992,43,0,0.000000,0,0,0,-0.000000,0.000000,0,0,0.000000,0.000000,0,81.910004
1619076597887868928,44,0,2.000000,0,0,3,0.164061,40.500000,0,0,0.000000,0.250000,2,7.240000
1619076597888096000,45,0,0.000000,0,0,0,-0.000000,0.000000,0,0,0.000000,0.000000,0,81.910004
1619076597888368896,46,0,0.000000,0,0,0,-0.000000,0.000000,0,0,0.000000,0.000000,0,81.910004
1619076597888632064,47,0,-0.500000,0,0,3,-0.101229,69.099998,0,0,0.000000,0.400000,2,7.370000
1619076597888872960,48,0,0.000000,0,0,0,-0.000000,0.000000,0,0,0.000000,0.000000,0,81.910004
1619076597889123072,49,0,0.000000,0,0,3,0.069813,122.599998,0,0,0.000000,0.400000,2,7.370000
1619076597889370112,50,0,0.000000,0,0,0,-0.000000,0.000000,0,0,0.000000,0.000000,0,81.910004
1619076597889620992,51,0,0.000000,0,0,0,-0.000000,0.000000,0,0,0.000000,0.000000,0,81.910004
1619076597889869056,52,0,0.000000,0,0,0,-0.000000,0.000000,0,0,0.000000,0.000000,0,81.910004
1619076597890123008,53,0,-1.000000,0,0,4,-0.062832,106.199997,0,0,0.000000,0.250000,0,7.280000
1619076597890371072,54,0,1.750000,0,0,4,0.085521,73.599998,0,0,0.000000,0.650000,0,7.320000
1619076597890618880,55,0,0.250000,0,0,3,-0.240855,28.200001,0,0,0.000000,0.450000,1,7.280000
1619076597890868992,56,0,-0.250000,0,0,3,-0.162316,39.099998,0,0,0.000000,0.450000,3,7.370000
1619076597891120128,57,0,-0.250000,0,0,4,0.064577,141.300003,0,0,0.000000,0.350000,0,7.290000
1619076597891369984,58,0,0.000000,0,0,1,0.090757,69.099998,0,0,0.000000,0.000000,2,7.390000
1619076597891619072,59,0,2.750000,0,0,3,-0.418879,16.900000,0,0,0.000000,1.450000,1,6.770000
1619076597891868928,60,0,0.000000,0,0,0,-0.000000,0.000000,0,0,0.000000,0.000000,0,81.910004
1619076597892120064,61,0,0.000000,0,0,0,-0.000000,0.000000,0,0,0.000000,0.000000,0,81.910004
1619076597892368896,62,0,0.000000,0,0,3,-0.094248,79.500000,0,0,0.000000,0.400000,2,7.290000
1619076597892621056,63,0,0.000000,0,0,0,-0.000000,0.000000,0,0,0.000000,0.000000,0,81.910004
1619076597926368000,0,0,0.000000,0,0,1,-0.256563,22.200001,0,0,0.000000,0.000000,1,7.190000
1619076597926618880,1,0,-0.250000,0,0,3,-0.118682,59.299999,0,0,0.000000,0.400000,2,7.370000
1619076597926866944,2,0,0.000000,0,0,0,-0.000000,0.000000,0,0,0.000000,0.000000,0,81.910004
1619076597927115008,3,0,0.000000,0,0,0,-0.000000,0.000000,0,0,0.000000,0.000000,0,81.910004
1619076597927866880,4,0,0.000000,0,0,0,-0.000000,0.000000,0,0,0.000000,0.000000,0,81.910004
1619076597928115968,5,0,0.000000,0,0,0,-0.000000,0.000000,0,0,0.000000,0.000000,0,81.910004
1619076597928386048,6,0,0.000000,0,0,0,-0.000000,0.000000,0,0,0.000000,0.000000,0,81.910004
1619076597928616960,7,0,3.500000,0,0,3,0.225147,32.000000,0,0,0.000000,0.050000,1,7.210000
1619076597928868096,8,0,0.000000,0,0,0,-0.000000,0.000000,0,0,0.000000,0.000000,0,81.910004
1619076597929117952,9,0,0.000000,0,0,0,-0.000000,0.000000,0,0,0.000000,0.000000,0,81.910004
1619076597929368064,10,0,0.000000,0,0,0,-0.000000,0.000000,0,0,0.000000,0.000000,0,81.910004
1619076597929617920,11,0,0.000000,0,0,0,-0.000000,0.000000,0,0,0.000000,0.000000,0,81.910004
1619076597929868032,12,0,0.000000,0,0,0,-0.000000,0.000000,0,0,0.000000,0.000000,0,81.910004
1619076597930118912,13,0,0.000000,0,0,0,-0.000000,0.000000,0,0,0.000000,0.000000,0,81.910004
1619076597930368000,14,0,0.000000,0,0,0,-0.000000,0.000000,0,0,0.000000,0.000000,0,81.910004
1619076597930618112,15,0,0.000000,0,0,0,-0.000000,0.000000,0,0,0.000000,0.000000,0,81.910004
1619076597930866944,16,0,0.000000,0,0,0,-0.000000,0.000000,0,0,0.000000,0.000000,0,81.910004
1619076597931117056,17,0,-0.750000,0,0,3,0.059341,152.000000,0,0,0.000000,0.450000,2,7.430000
1619076597931367936,18,0,1.500000,0,0,4,-0.150098,49.400002,0,0,0.000000,0.450000,0,7.400000
1619076597931617024,19,0,0.000000,0,0,0,-0.000000,0.000000,0,0,0.000000,0.000000,0,81.910004
1619076597931867904,20,0,0.250000,0,0,3,0.085521,87.099998,0,0,0.000000,0.400000,2,7.420000
1619076597932119040,21,0,0.000000,0,0,0,-0.000000,0.000000,0,0,0.000000,0.000000,0,81.910004
1619076597932367872,22,0,0.000000,0,0,0,-0.000000,0.000000,0,0,0.000000,0.000000,0,81.910004
1619076597932617984,23,0,0.000000,0,0,0,-0.000000,0.000000,0,0,0.000000,0.000000,0,81.910004
1619076597932870912,24,0,0.000000,0,0,0,-0.000000,0.000000,0,0,0.000000,0.000000,0,81.910004
1619076597933122048,25,0,0.000000,0,0,0,-0.000000,0.000000,0,0,0.000000,0.000000,0,81.910004
1619076597933387008,26,0,0.000000,0,0,0,-0.000000,0.000000,0,0,0.000000,0.000000,0,81.910004
1619076597933618944,27,0,0.000000,0,0,0,-0.000000,0.000000,0,0,0.000000,0.000000,0,81.910004
1619076597933869056,28,0,0.000000,0,0,0,-0.000000,0.000000,0,0,0.000000,0.000000,0,81.910004
1619076597934117120,29,0,0.250000,0,0,3,0.305433,23.100000,0,0,0.000000,0.650000,1,7.060000
1619076597934368000,30,0,0.000000,0,0,0,-0.000000,0.000000,0,0,0.000000,0.000000,0,81.910004
1619076597934619904,31,0,0.000000,0,0,0,-0.000000,0.000000,0,0,0.000000,0.000000,0,81.910004
1619076597934871040,32,0,0.000000,0,0,0,-0.000000,0.000000,0,0,0.000000,0.000000,0,81.910004
1619076597935117056,33,0,0.250000,0,0,3,0.120428,58.900002,0,0,0.000000,0.450000,2,7.360000
1619076597935367936,34,0,0.000000,0,0,0,-0.000000,0.000000,0,0,0.000000,0.000000,0,81.910004
1619076597935620096,35,0,0.000000,0,0,0,-0.000000,0.000000,0,0,0.000000,0.000000,0,81.910004
1619076597935872000,36,0,0.000000,0,0,0,-0.000000,0.000000,0,0,0.000000,0.000000,0,81.910004
1619076597936121088,37,0,0.000000,0,0,0,-0.000000,0.000000,0,0,0.000000,0.000000,0,81.910004
1619076597936368896,38,0,0.000000,0,0,0,-0.000000,0.000000,0,0,0.000000,0.000000,0,81.910004
1619076597936620032,39,0,4.250000,0,0,4,0.568977,13.100000,0,0,0.000000,1.200000,0,6.090000
1619076597936870912,40,0,0.000000,0,0,3,-0.001745,13.300000,0,0,0.000000,0.650000,3,0.610000
1619076597937121024,41,0,0.000000,0,0,0,-0.000000,0.000000,0,0,0.000000,0.000000,0,81.910004
1619076597937370880,42,0,0.000000,0,0,0,-0.000000,0.000000,0,0,0.000000,0.000000,0,81.910004
1619076597937618944,43,0,0.000000,0,0,0,-0.000000,0.000000,0,0,0.000000,0.000000,0,81.910004
1619076597937868032,44,0,2.250000,0,0,3,0.164061,41.099998,0,0,0.000000,0.300000,2,7.270000
1619076597938118912,45,0,0.000000,0,0,0,-0.000000,0.000000,0,0,0.000000,0.000000,0,81.910004
1619076597938370048,46,0,0.000000,0,0,0,-0.000000,0.000000,0,0,0.000000,0.000000,0,81.910004
1619076597938650880,47,0,-0.500000,0,0,3,-0.097738,69.500000,0,0,0.000000,0.400000,2,7.380000
1619076597938867968,48,0,0.000000,0,0,1,0.740020,9.700000,0,0,0.000000,0.000000,1,5.450000
1619076597939120128,49,0,0.000000,0,0,3,0.069813,123.000000,0,0,0.000000,0.400000,2,7.380000
1619076597939369984,50,0,0.000000,0,0,0,-0.000000,0.000000,0,0,0.000000,0.000000,0,81.910004
1619076597939620096,51,0,0.000000,0,0,0,-0.000000,0.000000,0,0,0.000000,0.000000,0,81.910004
1619076597939869952,52,0,0.000000,0,0,0,-0.000000,0.000000,0,0,0.000000,0.000000,0,81.910004
1619076597940125952,53,0,-1.000000,0,0,4,-0.062832,106.599998,0,0,0.000000,0.250000,0,7.290000
1619076597940370944,54,0,1.750000,0,0,4,0.085521,74.000000,0,0,0.000000,0.650000,0,7.340000
1619076597940620032,55,0,0.250000,0,0,3,-0.240855,28.500000,0,0,0.000000,0.450000,1,7.290000
1619076597940891904,56,0,0.000000,0,0,3,-0.160570,39.700001,0,0,0.000000,0.450000,3,7.380000
1619076597941121024,57,0,0.000000,0,0,3,0.064577,141.899994,0,0,0.000000,0.350000,2,7.300000
1619076597941369088,58,0,-1.000000,0,0,2,0.090757,69.400002,0,0,0.000000,0.000000,2,7.380000
1619076597941623040,59,0,3.000000,0,0,3,-0.411898,17.200001,0,0,0.000000,1.450000,1,6.830000
1619076597941869056,60,0,0.000000,0,0,0,-0.000000,0.000000,0,0,0.000000,0.000000,0,81.910004
1619076597942121984,61,0,0.000000,0,0,0,-0.000000,0.000000,0,0,0.000000,0.000000,0,81.910004
1619076597942369024,62,0,0.000000,0,0,4,-0.094248,79.900002,0,0,0.000000,0.400000,0,7.300000
1619076597942620928,63,0,0.000000,0,0,0,-0.000000,0.000000,0,0,0.000000,0.000000,0,81.910004
1619076597976368896,0,0,0.000000,0,0,0,-0.000000,0.000000,0,0,0.000000,0.000000,0,81.910004
1619076597976617984,1,0,-0.250000,0,0,3,-0.116937,59.799999,0,0,0.000000,0.400000,2,7.380000
1619076597976868096,2,0,0.000000,0,0,0,-0.000000,0.000000,0,0,0.000000,0.000000,0,81.910004
1619076597977117952,3,0,0.000000,0,0,0,-0.000000,0.000000,0,0,0.000000,0.000000,0,81.910004
1619076597977869056,4,0,0.000000,0,0,0,-0.000000,0.000000,0,0,0.000000,0.000000,0,81.910004
1619076597978117120,5,0,0.000000,0,0,0,-0.000000,0.000000,0,0,0.000000,0.000000,0,81.910004
1619076597978364928,6,0,0.000000,0,0,1,-0.621337,38.500000,0,0,0.000000,0.000000,1,6.130000
1619076597978620928,7,0,3.750000,0,0,5,0.214676,32.400002,0,0,0.000000,0.050000,1,7.220000
1619076597978888960,8,0,0.000000,0,0,0,-0.000000,0.000000,0,0,0.000000,0.000000,0,81.910004
1619076597979137024,9,0,0.000000,0,0,0,-0.000000,0.000000,0,0,0.000000,0.000000,0,81.910004
1619076597979388928,10,0,0.000000,0,0,0,-0.000000,0.000000,0,0,0.000000,0.000000,0,81.910004
1619076597979616000,11,0,0.000000,0,0,0,-0.000000,0.000000,0,0,0.000000,0.000000,0,81.910004
1619076597979890944,12,0,0.000000,0,0,0,-0.000000,0.000000,0,0,0.000000,0.000000,0,81.910004
1619076597980143104,13,0,0.000000,0,0,0,-0.000000,0.000000,0,0,0.000000,0.000000,0,81.910004
1619076597980388096,14,0,0.000000,0,0,0,-0.000000,0.000000,0,0,0.000000,0.000000,0,81.910004
1619076597980640000,15,0,0.000000,0,0,0,-0.000000,0.000000,0,0,0.000000,0.000000,0,81.910004
1619076597980865024,16,0,0.000000,0,0,0,-0.000000,0.000000,0,0,0.000000,0.000000,0,81.910004
1619076597981115904,17,0,-0.250000,0,0,3,0.059341,152.300003,0,0,0.000000,0.450000,2,7.450000
1619076597981389056,18,0,1.000000,0,0,3,-0.150098,50.099998,0,0,0.000000,0.450000,2,7.410000
1619076597981640960,19,0,0.000000,0,0,0,-0.000000,0.000000,0,0,0.000000,0.000000,0,81.910004
1619076597981889024,20,0,0.250000,0,0,3,0.083776,87.500000,0,0,0.000000,0.400000,2,7.440000
1619076597982142976,21,0,0.000000,0,0,0,-0.000000,0.000000,0,0,0.000000,0.000000,0,81.910004
