time_ns,trackID,scan_index,track_lat_rate_m_per_s,track_group_changed,track_oncoming,track_status,track_angle_rad,track_range_m,track_bridge_object,track_rolling_count,track_width_m,track_range_accel_m_per_s2,track_med_range_mode,track_range_rate_m_per_s
1619075747885569024,52,0,-1.500000,0,0,4,-0.324631,19.900000,0,0,0.000000,-0.100000,0,7.470000
1619075747885818112,53,0,0.000000,0,0,0,-0.000000,0.000000,0,0,0.000000,0.000000,0,81.910004
1619075747886073088,54,0,0.000000,0,0,0,-0.000000,0.000000,0,0,0.000000,0.000000,0,81.910004
1619075747886344960,55,0,0.000000,0,0,0,-0.000000,0.000000,0,0,0.000000,0.000000,0,81.910004
1619075747886345984,56,0,0.250000,0,1,3,-0.010472,18.799999,0,0,0.000000,-0.500000,3,-2.160000
1619075747886566912,57,0,0.250000,0,0,2,-0.663225,41.599998,0,0,0.000000,0.000000,1,6.230000
1619075747886819072,58,0,0.000000,0,0,0,-0.000000,0.000000,0,0,0.000000,0.000000,0,81.910004
1619075747887066880,59,0,0.000000,0,0,0,-0.000000,0.000000,0,0,0.000000,0.000000,0,81.910004
1619075747887609088,60,0,0.000000,0,0,4,0.062832,102.900002,0,0,0.000000,-1.150000,0,7.820000
1619075747887831040,61,0,0.000000,0,0,0,-0.000000,0.000000,0,0,0.000000,0.000000,0,81.910004
1619075747888081920,62,0,-0.750000,0,0,4,0.333358,63.900002,0,0,0.000000,-0.850000,0,7.430000
1619075747888082944,63,0,-3.500000,0,0,4,-0.082030,77.300003,0,0,0.000000,-0.050000,0,8.130000
1619075747922318080,0,0,0.000000,0,0,0,-0.000000,0.000000,0,0,0.000000,0.000000,0,81.910004
1619075747922571008,1,0,0.000000,0,0,0,-0.000000,0.000000,0,0,0.000000,0.000000,0,81.910004
1619075747923066880,2,0,0.000000,0,0,0,-0.000000,0.000000,0,0,0.000000,0.000000,0,81.910004
1619075747923066880,3,0,-0.250000,0,0,3,0.062832,103.300003,0,0,0.000000,-1.200000,2,7.690000
1619075747923568128,4,0,0.000000,0,0,4,0.198968,18.200001,0,0,0.000000,-0.800000,0,7.800000
1619075747923817984,5,0,0.000000,0,0,0,-0.000000,0.000000,0,0,0.000000,0.000000,0,81.910004
1619075747924067072,6,0,0.000000,0,0,0,-0.000000,0.000000,0,0,0.000000,0.000000,0,81.910004
1619075747924317952,7,0,0.000000,0,0,0,-0.000000,0.000000,0,0,0.000000,0.000000,0,81.910004
1619075747924569088,8,0,0.000000,0,0,0,-0.000000,0.000000,0,0,0.000000,0.000000,0,81.910004
1619075747924570112,9,0,0.500000,0,0,3,0.118682,36.500000,0,0,0.000000,-1.100000,3,7.720000
1619075747924823040,10,0,0.000000,0,0,0,-0.000000,0.000000,0,0,0.000000,0.000000,0,81.910004
1619075747925068032,11,0,0.000000,0,0,0,-0.000000,0.000000,0,0,0.000000,0.000000,0,81.910004
1619075747925568000,12,0,0.000000,0,0,0,-0.000000,0.000000,0,0,0.000000,0.000000,0,81.910004
1619075747925817088,13,0,-3.500000,0,0,2,0.396190,52.099998,0,0,0.000000,-0.050000,1,7.360000
1619075747926065920,14,0,0.000000,0,0,0,-0.000000,0.000000,0,0,0.000000,0.000000,0,81.910004
1619075747926318080,15,0,0.000000,0,0,0,-0.000000,0.000000,0,0,0.000000,0.000000,0,81.910004
1619075747926567936,16,0,0.000000,0,0,0,-0.000000,0.000000,0,0,0.000000,0.000000,0,81.910004
1619075747926817024,17,0,0.000000,0,0,0,-0.000000,0.000000,0,0,0.000000,0.000000,0,81.910004
1619075747927064064,18,0,0.000000,0,0,0,-0.000000,0.000000,0,0,0.000000,0.000000,0,81.910004
1619075747927318016,19,0,0.000000,0,0,0,-0.000000,0.000000,0,0,0.000000,0.000000,0,81.910004
1619075747927580928,20,0,-1.000000,0,0,4,-0.129154,53.400002,0,0,0.000000,-1.050000,0,7.760000
1619075747927581952,21,0,-1.250000,0,0,3,0.350811,58.500000,0,0,0.000000,-0.800000,1,7.390000
1619075747927834880,22,0,0.000000,0,0,0,-0.000000,0.000000,0,0,0.000000,0.000000,0,81.910004
1619075747928081920,23,0,0.000000,0,0,0,-0.000000,0.000000,0,0,0.000000,0.000000,0,81.910004
1619075747928357888,24,0,0.000000,0,0,0,-0.000000,0.000000,0,0,0.000000,0.000000,0,81.910004
1619075747928581888,25,0,0.000000,0,0,0,-0.000000,0.000000,0,0,0.000000,0.000000,0,81.910004
1619075747928830976,26,0,0.000000,0,0,0,-0.000000,0.000000,0,0,0.000000,0.000000,0,81.910004
1619075747929081088,27,0,0.000000,0,0,0,-0.000000,0.000000,0,0,0.000000,0.000000,0,81.910004
1619075747929581056,28,0,0.000000,0,0,0,-0.000000,0.000000,0,0,0.000000,0.000000,0,81.910004
1619075747929838080,29,0,-0.250000,0,0,3,0.132645,27.500000,0,0,0.000000,-0.950000,1,7.800000
1619075747930081024,30,0,0.000000,0,0,0,-0.000000,0.000000,0,0,0.000000,0.000000,0,81.910004
1619075747930330112,31,0,0.000000,0,0,0,-0.000000,0.000000,0,0,0.000000,0.000000,0,81.910004
1619075747930580992,32,0,0.000000,0,0,0,-0.000000,0.000000,0,0,0.000000,0.000000,0,81.910004
1619075747930580992,33,0,-0.500000,0,0,3,0.436332,39.500000,0,0,0.000000,-0.200000,1,7.090000
1619075747930817024,34,0,0.000000,0,0,0,-0.000000,0.000000,0,0,0.000000,0.000000,0,81.910004
1619075747931066880,35,0,-0.250000,0,0,3,-0.101229,61.799999,0,0,0.000000,-1.100000,2,7.750000
1619075747931566080,36,0,-4.000000,0,0,4,0.610865,51.200001,0,0,0.000000,-0.150000,0,6.710000
1619075747931819008,37,0,0.000000,0,0,0,-0.000000,0.000000,0,0,0.000000,0.000000,0,81.910004
1619075747932066048,38,0,0.000000,0,0,0,-0.000000,0.000000,0,0,0.000000,0.000000,0,81.910004
1619075747932316928,39,0,0.000000,0,0,0,-0.000000,0.000000,0,0,0.000000,0.000000,0,81.910004
1619075747932566016,40,0,-0.750000,0,0,4,-0.228638,27.500000,0,0,0.000000,-0.800000,0,7.640000
1619075747932817920,41,0,0.000000,0,0,0,-0.000000,0.000000,0,0,0.000000,0.000000,0,81.910004
1619075747932817920,42,0,-0.750000,0,0,4,0.420624,63.799999,0,0,0.000000,-0.900000,0,6.980000
1619075747933067008,43,0,0.000000,0,0,0,-0.000000,0.000000,0,0,0.000000,0.000000,0,81.910004
1619075747933568000,44,0,0.000000,0,0,0,-0.000000,0.000000,0,0,0.000000,0.000000,0,81.910004
1619075747933818112,45,0,0.000000,0,0,0,-0.000000,0.000000,0,0,0.000000,0.000000,0,81.910004
1619075747934068992,46,0,0.250000,0,0,2,0.472984,50.700001,0,0,0.000000,-0.050000,1,6.980000
1619075747934068992,47,0,5.000000,0,0,3,0.661480,27.500000,0,0,0.000000,0.000000,1,6.190000
1619075747934317056,48,0,3.000000,0,0,3,0.411898,9.400000,0,0,0.000000,0.550000,1,7.230000
1619075747934568960,49,0,0.000000,0,0,0,-0.000000,0.000000,0,0,0.000000,0.000000,0,81.910004
1619075747934819072,50,0,0.000000,0,0,0,-0.000000,0.000000,0,0,0.000000,0.000000,0,81.910004
1619075747935068928,51,0,4.000000,0,0,4,-0.101229,81.500000,0,0,0.000000,-1.150000,0,7.780000
1619075747935568896,52,0,-1.500000,0,0,4,-0.319395,20.299999,0,0,0.000000,-0.100000,0,7.450000
1619075747935820032,53,0,0.000000,0,0,0,-0.000000,0.000000,0,0,0.000000,0.000000,0,81.910004
1619075747935820032,54,0,0.000000,0,0,1,-0.143117,131.600006,0,0,0.000000,0.000000,2,7.800000
1619075747936067072,55,0,0.000000,0,0,0,-0.000000,0.000000,0,0,0.000000,0.000000,0,81.910004
1619075747936316928,56,0,0.000000,0,1,3,-0.012217,18.700001,0,0,0.000000,-0.500000,3,-2.180000
1619075747936568064,57,0,0.250000,0,0,7,-0.656244,41.900002,0,0,0.000000,0.000000,0,6.230000
1619075747936816128,58,0,0.000000,0,0,0,-0.000000,0.000000,0,0,0.000000,0.000000,0,81.910004
1619075747937067008,59,0,0.000000,0,0,0,-0.000000,0.000000,0,0,0.000000,0.000000,0,81.910004
1619075747937582080,60,0,0.000000,0,0,0,-0.000000,0.000000,0,0,0.000000,0.000000,0,81.910004
1619075747937852928,61,0,0.000000,0,0,0,-0.000000,0.000000,0,0,0.000000,0.000000,0,81.910004
1619075747938083072,62,0,-0.750000,0,0,4,0.333358,64.300003,0,0,0.000000,-0.850000,0,7.380000
1619075747938083072,63,0,-3.500000,0,0,4,-0.082030,77.699997,0,0,0.000000,-0.050000,0,8.110000
1619075747973458944,0,0,0.000000,0,0,0,-0.000000,0.000000,0,0,0.000000,0.000000,0,81.910004
1619075747973462016,1,0,0.000000,0,0,0,-0.000000,0.000000,0,0,0.000000,0.000000,0,81.910004
1619075747973463040,2,0,0.000000,0,0,0,-0.000000,0.000000,0,0,0.000000,0.000000,0,81.910004
1619075747973464064,3,0,-0.250000,0,0,3,0.062832,103.900002,0,0,0.000000,-1.100000,2,7.660000
1619075747973604096,4,0,0.000000,0,0,3,0.195477,18.900000,0,0,0.000000,-0.850000,1,7.730000
1619075747973857024,5,0,0.000000,0,0,0,-0.000000,0.000000,0,0,0.000000,0.000000,0,81.910004
1619075747974068992,6,0,0.000000,0,0,0,-0.000000,0.000000,0,0,0.000000,0.000000,0,81.910004
1619075747974355968,7,0,0.000000,0,0,0,-0.000000,0.000000,0,0,0.000000,0.000000,0,81.910004
1619075747974355968,8,0,0.000000,0,0,1,0.497419,35.000000,0,0,0.000000,0.000000,1,6.820000
1619075747974605056,9,0,0.250000,0,0,3,0.116937,36.900002,0,0,0.000000,-1.100000,3,7.660000
1619075747974818048,10,0,0.000000,0,0,0,-0.000000,0.000000,0,0,0.000000,0.000000,0,81.910004
1619075747975066112,11,0,0.000000,0,0,0,-0.000000,0.000000,0,0,0.000000,0.000000,0,81.910004
1619075747975602944,12,0,0.000000,0,0,0,-0.000000,0.000000,0,0,0.000000,0.000000,0,81.910004
1619075747975856128,13,0,-3.500000,0,0,7,0.392699,52.500000,0,0,0.000000,-0.050000,0,7.340000
1619075747976069888,14,0,0.000000,0,0,0,-0.000000,0.000000,0,0,0.000000,0.000000,0,81.910004
1619075747976318976,15,0,0.000000,0,0,0,-0.000000,0.000000,0,0,0.000000,0.000000,0,81.910004
1619075747976604928,16,0,0.000000,0,0,0,-0.000000,0.000000,0,0,0.000000,0.000000,0,81.910004
1619075747976857088,17,0,0.000000,0,0,0,-0.000000,0.000000,0,0,0.000000,0.000000,0,81.910004
1619075747976858112,18,0,0.000000,0,0,0,-0.000000,0.000000,0,0,0.000000,0.000000,0,81.910004
1619075747977106944,19,0,0.000000,0,0,0,-0.000000,0.000000,0,0,0.000000,0.000000,0,81.910004
1619075747977602048,20,0,0.250000,0,0,3,-0.129154,53.799999,0,0,0.000000,-1.050000,2,7.700000
1619075747977602048,21,0,-1.250000,0,0,4,0.347321,58.900002,0,0,0.000000,-0.800000,0,7.340000
1619075747977876992,22,0,0.000000,0,0,0,-0.000000,0.000000,0,0,0.000000,0.000000,0,81.910004
1619075747978085888,23,0,0.000000,0,0,0,-0.000000,0.000000,0,0,0.000000,0.000000,0,81.910004
1619075747978353920,24,0,0.000000,0,0,0,-0.000000,0.000000,0,0,0.000000,0.000000,0,81.910004
1619075747978601984,25,0,0.000000,0,0,0,-0.000000,0.000000,0,0,0.000000,0.000000,0,81.910004
1619075747978818048,26,0,0.000000,0,0,0,-0.000000,0.000000,0,0,0.000000,0.000000,0,81.910004
1619075747979102976,27,0,0.000000,0,0,0,-0.000000,0.000000,0,0,0.000000,0.000000,0,81.910004
1619075747979600896,28,0,0.000000,0,0,0,-0.000000,0.000000,0,0,0.000000,0.000000,0,81.910004
1619075747979834880,29,0,-0.250000,0,0,3,0.132645,27.900000,0,0,0.000000,-1.000000,3,7.730000
1619075747980090880,30,0,0.000000,0,0,0,-0.000000,0.000000,0,0,0.000000,0.000000,0,81.910004
1619075747980332032,31,0,0.000000,0,0,0,-0.000000,0.000000,0,0,0.000000,0.000000,0,81.910004
1619075747980602112,32,0,0.000000,0,0,0,-0.000000,0.000000,0,0,0.000000,0.000000,0,81.910004
1619075747980602112,33,0,-0.500000,0,0,4,0.431096,39.799999,0,0,0.000000,-0.200000,0,7.080000
1619075747980830976,34,0,0.000000,0,0,0,-0.000000,0.000000,0,0,0.000000,0.000000,0,81.910004
1619075747981102080,35,0,-0.250000,0,0,3,-0.101229,62.200001,0,0,0.000000,-1.100000,2,7.690000
1619075747981606912,36,0,-0.250000,0,0,3,0.595157,51.599998,0,0,0.000000,-0.150000,1,6.690000
1619075747981859072,37,0,0.000000,0,0,0,-0.000000,0.000000,0,0,0.000000,0.000000,0,81.910004
1619075747981859072,38,0,0.000000,0,0,1,0.558505,59.500000,0,0,0.000000,0.000000,1,6.520000
1619075747982106880,39,0,0.000000,0,0,0,-0.000000,0.000000,0,0,0.000000,0.000000,0,81.910004
1619075747982353920,40,0,-0.750000,0,0,4,-0.225147,27.900000,0,0,0.000000,-0.800000,0,7.590000
1619075747982604032,41,0,0.000000,0,0,0,-0.000000,0.000000,0,0,0.000000,0.000000,0,81.910004
1619075747982853888,42,0,-0.750000,0,0,4,0.417134,64.199997,0,0,0.000000,-0.900000,0,6.930000
1619075747983101952,43,0,0.000000,0,0,0,-0.000000,0.000000,0,0,0.000000,0.000000,0,81.910004
1619075747983601920,44,0,0.000000,0,0,0,-0.000000,0.000000,0,0,0.000000,0.000000,0,81.910004
1619075747983854080,45,0,0.000000,0,0,0,-0.000000,0.000000,0,0,0.000000,0.000000,0,81.910004
1619075747984102912,46,0,0.000000,0,0,0,-0.000000,0.000000,0,0,0.000000,0.000000,0,81.910004
1619075747984103936,47,0,4.750000,0,0,3,0.652753,27.799999,0,0,0.000000,0.000000,1,6.190000
1619075747984357120,48,0,3.000000,0,0,3,0.399680,9.700000,0,0,0.000000,0.300000,1,7.170000
1619075747984613120,49,0,0.000000,0,0,0,-0.000000,0.000000,0,0,0.000000,0.000000,0,81.910004
1619075747984857088,50,0,0.000000,0,0,0,-0.000000,0.000000,0,0,0.000000,0.000000,0,81.910004
1619075747985103872,51,0,4.000000,0,0,4,-0.101229,81.900002,0,0,0.000000,-1.150000,0,7.720000
1619075747985605888,52,0,-1.500000,0,0,4,-0.312414,20.700001,0,0,0.000000,-0.100000,0,7.440000
1619075747985606912,53,0,0.000000,0,0,0,-0.000000,0.000000,0,0,0.000000,0.000000,0,81.910004
1619075747985851904,54,0,0.000000,0,0,0,-0.000000,0.000000,0,0,0.000000,0.000000,0,81.910004
1619075747986103040,55,0,0.000000,0,0,0,-0.000000,0.000000,0,0,0.000000,0.000000,0,81.910004
1619075747986353920,56,0,0.000000,0,1,3,-0.012217,18.600000,0,0,0.000000,-0.450000,3,-2.200000
1619075747986603008,57,0,0.000000,0,0,0,-0.000000,0.000000,0,0,0.000000,0.000000,0,81.910004
1619075747986854912,58,0,0.000000,0,0,0,-0.000000,0.000000,0,0,0.000000,0.000000,0,81.910004
1619075747987104000,59,0,0.000000,0,0,0,-0.000000,0.000000,0,0,0.000000,0.000000,0,81.910004
1619075747987632128,60,0,0.000000,0,0,0,-0.000000,0.000000,0,0,0.000000,0.000000,0,81.910004
1619075747987858944,61,0,0.000000,0,0,0,-0.000000,0.000000,0,0,0.000000,0.000000,0,81.910004
1619075747987895040,62,0,-0.750000,0,0,4,0.329867,64.599998,0,0,0.000000,-0.850000,0,7.320000
1619075747988104960,63,0,-3.500000,0,0,4,-0.082030,78.099998,0,0,0.000000,-0.050000,0,8.090000
1619075748022353920,0,0,0.000000,0,0,0,-0.000000,0.000000,0,0,0.000000,0.000000,0,81.910004
1619075748022601984,1,0,0.000000,0,0,0,-0.000000,0.000000,0,0,0.000000,0.000000,0,81.910004
1619075748022853120,2,0,0.000000,0,0,0,-0.000000,0.000000,0,0,0.000000,0.000000,0,81.910004
1619075748023105024,3,0,-0.250000,0,0,4,0.062832,104.300003,0,0,0.000000,-1.100000,0,7.600000
1619075748023603968,4,0,0.250000,0,0,3,0.190241,19.500000,0,0,0.000000,-0.900000,1,7.660000
1619075748023854080,5,0,0.000000,0,0,0,-0.000000,0.000000,0,0,0.000000,0.000000,0,81.910004
1619075748024102912,6,0,0.000000,0,0,0,-0.000000,0.000000,0,0,0.000000,0.000000,0,81.910004
1619075748024356096,7,0,0.000000,0,0,0,-0.000000,0.000000,0,0,0.000000,0.000000,0,81.910004
1619075748024356096,8,0,1.250000,0,0,2,0.504400,35.299999,0,0,0.000000,0.000000,1,6.810000
1619075748024602880,9,0,0.250000,0,0,3,0.116937,37.200001,0,0,0.000000,-1.100000,3,7.610000
1619075748024854016,10,0,0.000000,0,0,0,-0.000000,0.000000,0,0,0.000000,0.000000,0,81.910004
1619075748025103104,11,0,0.000000,0,0,0,-0.000000,0.000000,0,0,0.000000,0.000000,0,81.910004
1619075748025602048,12,0,0.000000,0,0,0,-0.000000,0.000000,0,0,0.000000,0.000000,0,81.910004
1619075748025854976,13,0,0.000000,0,0,0,-0.000000,0.000000,0,0,0.000000,0.000000,0,81.910004
1619075748026102016,14,0,0.000000,0,0,0,-0.000000,0.000000,0,0,0.000000,0.000000,0,81.910004
1619075748026352128,15,0,0.000000,0,0,0,-0.000000,0.000000,0,0,0.000000,0.000000,0,81.910004
1619075748026600960,16,0,0.000000,0,0,0,-0.000000,0.000000,0,0,0.000000,0.000000,0,81.910004
1619075748026853120,17,0,0.000000,0,0,0,-0.000000,0.000000,0,0,0.000000,0.000000,0,81.910004
1619075748027101952,18,0,0.000000,0,0,0,-0.000000,0.000000,0,0,0.000000,0.000000,0,81.910004
1619075748027352064,19,0,0.000000,0,0,0,-0.000000,0.000000,0,0,0.000000,0.000000,0,81.910004
1619075748028352000,20,0,0.250000,0,0,4,-0.127409,54.099998,0,0,0.000000,-1.050000,0,7.630000
1619075748028602112,21,0,-1.250000,0,0,4,0.345575,59.299999,0,0,0.000000,-0.800000,0,7.300000
1619075748028850944,22,0,0.000000,0,0,0,-0.000000,0.000000,0,0,0.000000,0.000000,0,81.910004
1619075748029107968,23,0,0.000000,0,0,0,-0.000000,0.000000,0,0,0.000000,0.000000,0,81.910004
1619075748029350912,24,0,0.000000,0,0,0,-0.000000,0.000000,0,0,0.000000,0.000000,0,81.910004
1619075748029601024,25,0,0.000000,0,0,0,-0.000000,0.000000,0,0,0.000000,0.000000,0,81.910004
1619075748029850880,26,0,0.000000,0,0,0,-0.000000,0.000000,0,0,0.000000,0.000000,0,81.910004
1619075748030106880,27,0,0.000000,0,0,0,-0.000000,0.000000,0,0,0.000000,0.000000,0,81.910004
1619075748030600960,28,0,0.000000,0,0,0,-0.000000,0.000000,0,0,0.000000,0.000000,0,81.910004
1619075748030851072,29,0,-0.500000,0,0,3,0.132645,28.200001,0,0,0.000000,-1.000000,3,7.660000
1619075748031100928,30,0,0.000000,0,0,0,-0.000000,0.000000,0,0,0.000000,0.000000,0,81.910004
1619075748031355904,31,0,0.000000,0,0,1,-0.443314,24.299999,0,0,0.000000,0.000000,1,6.950000
1619075748031604992,32,0,0.000000,0,0,0,-0.000000,0.000000,0,0,0.000000,0.000000,0,81.910004
1619075748031604992,33,0,-0.500000,0,0,4,0.427606,40.200001,0,0,0.000000,-0.200000,0,7.060000
1619075748031852032,34,0,0.000000,0,0,0,-0.000000,0.000000,0,0,0.000000,0.000000,0,81.910004
1619075748032101888,35,0,-0.250000,0,0,3,-0.097738,62.799999,0,0,0.000000,-1.100000,2,7.630000
1619075748032602112,36,0,-0.250000,0,0,4,0.591667,51.900002,0,0,0.000000,-0.150000,0,6.670000
1619075748032851968,37,0,0.000000,0,0,0,-0.000000,0.000000,0,0,0.000000,0.000000,0,81.910004
1619075748033103872,38,0,0.000000,0,0,0,-0.000000,0.000000,0,0,0.000000,0.000000,0,81.910004
1619075748033351936,39,0,0.000000,0,0,0,-0.000000,0.000000,0,0,0.000000,0.000000,0,81.910004
1619075748033353984,40,0,-0.750000,0,0,4,-0.223402,28.299999,0,0,0.000000,-0.800000,0,7.550000
1619075748033602048,41,0,0.000000,0,0,0,-0.000000,0.000000,0,0,0.000000,0.000000,0,81.910004
1619075748033851904,42,0,-0.750000,0,0,4,0.415388,64.500000,0,0,0.000000,-0.900000,0,6.880000
1619075748034102016,43,0,0.000000,0,0,0,-0.000000,0.000000,0,0,0.000000,0.000000,0,81.910004
1619075748034601984,44,0,0.000000,0,0,0,-0.000000,0.000000,0,0,0.000000,0.000000,0,81.910004
1619075748034853888,45,0,0.000000,0,0,0,-0.000000,0.000000,0,0,0.000000,0.000000,0,81.910004
1619075748035104000,46,0,0.000000,0,0,0,-0.000000,0.000000,0,0,0.000000,0.000000,0,81.910004
1619075748035105024,47,0,4.000000,0,0,3,0.644027,28.100000,0,0,0.000000,-0.050000,1,6.160000
1619075748035352064,48,0,1.750000,0,0,3,0.392699,10.000000,0,0,0.000000,0.150000,1,7.130000
1619075748035606016,49,0,0.000000,0,0,0,-0.000000,0.000000,0,0,0.000000,0.000000,0,81.910004
1619075748035854080,50,0,0.000000,0,0,0,-0.000000,0.000000,0,0,0.000000,0.000000,0,81.910004
1619075748036100096,51,0,4.000000,0,0,4,-0.101229,82.300003,0,0,0.000000,-1.150000,0,7.660000
1619075748036355072,52,0,0.500000,0,0,3,-0.308923,21.200001,0,0,0.000000,-0.200000,1,7.380000
1619075748036604928,53,0,0.000000,0,0,0,-0.000000,0.000000,0,0,0.000000,0.000000,0,81.910004
1619075748036855040,54,0,0.000000,0,0,0,-0.000000,0.000000,0,0,0.000000,0.000000,0,81.910004
1619075748037104128,55,0,0.000000,0,0,0,-0.000000,0.000000,0,0,0.000000,0.000000,0,81.910004
1619075748037352960,56,0,0.000000,0,1,3,-0.012217,18.500000,0,0,0.000000,-0.450000,3,-2.210000
1619075748037603072,57,0,0.000000,0,0,0,-0.000000,0.000000,0,0,0.000000,0.000000,0,81.910004
1619075748037852928,58,0,0.000000,0,0,1,0.518363,51.500000,0,0,0.000000,0.000000,1,6.630000
1619075748038103040,59,0,0.000000,0,0,0,-0.000000,0.000000,0,0,0.000000,0.000000,0,81.910004
1619075748038600960,60,0,0.000000,0,0,0,-0.000000,0.000000,0,0,0.000000,0.000000,0,81.910004
1619075748038853888,61,0,0.000000,0,0,0,-0.000000,0.000000,0,0,0.000000,0.000000,0,81.910004
1619075748038853888,62,0,-0.750000,0,0,4,0.328122,65.000000,0,0,0.000000,-0.850000,0,7.270000
1619075748039100928,63,0,-3.500000,0,0,4,-0.080285,78.500000,0,0,0.000000,-0.050000,0,8.080000
1619075748072601088,0,0,0.000000,0,0,0,-0.000000,0.000000,0,0,0.000000,0.000000,0,81.910004
1619075748072852992,1,0,0.000000,0,0,0,-0.000000,0.000000,0,0,0.000000,0.000000,0,81.910004
1619075748073134080,2,0,0.000000,0,0,0,-0.000000,0.000000,0,0,0.000000,0.000000,0,81.910004
1619075748073135104,3,0,-0.250000,0,0,4,0.061087,104.699997,0,0,0.000000,-1.100000,0,7.540000
1619075748074354944,4,0,0.000000,0,0,3,0.186750,20.200001,0,0,0.000000,-0.950000,1,7.600000
1619075748074605056,5,0,0.000000,0,0,1,-0.638790,42.900002,0,0,0.000000,0.000000,1,6.160000
1619075748074853120,6,0,0.000000,0,0,0,-0.000000,0.000000,0,0,0.000000,0.000000,0,81.910004
1619075748075102976,7,0,0.000000,0,0,0,-0.000000,0.000000,0,0,0.000000,0.000000,0,81.910004
1619075748075352064,8,0,1.250000,0,0,7,0.499164,35.700001,0,0,0.000000,0.000000,0,6.810000
1619075748075602944,9,0,0.250000,0,0,3,0.115192,37.599998,0,0,0.000000,-1.050000,3,7.550000
1619075748075852032,10,0,0.000000,0,0,0,-0.000000,0.000000,0,0,0.000000,0.000000,0,81.910004
1619075748076101120,11,0,0.000000,0,0,0,-0.000000,0.000000,0,0,0.000000,0.000000,0,81.910004
1619075748076601088,12,0,0.000000,0,0,0,-0.000000,0.000000,0,0,0.000000,0.000000,0,81.910004
1619075748076850944,13,0,0.000000,0,0,0,-0.000000,0.000000,0,0,0.000000,0.000000,0,81.910004
1619075748076851968,14,0,0.000000,0,0,0,-0.000000,0.000000,0,0,0.000000,0.000000,0,81.910004
1619075748077102080,15,0,0.000000,0,0,0,-0.000000,0.000000,0,0,0.000000,0.000000,0,81.910004
1619075748077349888,16,0,0.000000,0,0,0,-0.000000,0.000000,0,0,0.000000,0.000000,0,81.910004
1619075748077598976,17,0,0.000000,0,0,0,-0.000000,0.000000,0,0,0.000000,0.000000,0,81.910004
1619075748077886976,18,0,0.000000,0,0,0,-0.000000,0.000000,0,0,0.000000,0.000000,0,81.910004
1619075748078102016,19,0,0.000000,0,0,0,-0.000000,0.000000,0,0,0.000000,0.000000,0,81.910004
1619075748079351040,20,0,-1.750000,0,0,3,-0.120428,54.500000,0,0,0.000000,-1.050000,2,7.570000
1619075748079600128,21,0,-1.250000,0,0,4,0.343830,59.599998,0,0,0.000000,-0.800000,0,7.250000
1619075748079854080,22,0,0.000000,0,0,0,-0.000000,0.000000,0,0,0.000000,0.000000,0,81.910004
1619075748080100096,23,0,0.000000,0,0,0,-0.000000,0.000000,0,0,0.000000,0.000000,0,81.910004
1619075748080352000,24,0,0.000000,0,0,1,-0.094248,57.900002,0,0,0.000000,0.000000,2,7.640000
1619075748080600064,25,0,0.000000,0,0,0,-0.000000,0.000000,0,0,0.000000,0.000000,0,81.910004
1619075748080849920,26,0,0.000000,0,0,0,-0.000000,0.000000,0,0,0.000000,0.000000,0,81.910004
1619075748081101056,27,0,0.000000,0,0,0,-0.000000,0.000000,0,0,0.000000,0.000000,0,81.910004
1619075748081602048,28,0,0.000000,0,0,0,-0.000000,0.000000,0,0,0.000000,0.000000,0,81.910004
1619075748081603072,29,0,-0.250000,0,0,3,0.111701,28.799999,0,0,0.000000,-1.000000,3,7.610000
1619075748081881088,30,0,0.000000,0,0,0,-0.000000,0.000000,0,0,0.000000,0.000000,0,81.910004
1619075748082098944,31,0,0.000000,0,0,0,-0.000000,0.000000,0,0,0.000000,0.000000,0,81.910004
1619075748082350080,32,0,0.000000,0,0,0,-0.000000,0.000000,0,0,0.000000,0.000000,0,81.910004
1619075748082599936,33,0,-0.750000,0,0,3,0.438078,40.799999,0,0,0.000000,-0.200000,1,7.040000
1619075748082855936,34,0,0.000000,0,0,0,-0.000000,0.000000,0,0,0.000000,0.000000,0,81.910004
1619075748083101952,35,0,-0.250000,0,0,3,-0.097738,63.299999,0,0,0.000000,-1.100000,2,7.570000
1619075748083352064,36,0,2.500000,0,0,3,0.579449,52.200001,0,0,0.000000,-0.150000,1,6.650000
1619075748083599104,37,0,0.000000,0,0,0,-0.000000,0.000000,0,0,0.000000,0.000000,0,81.910004
1619075748083851008,38,0,0.000000,0,0,0,-0.000000,0.000000,0,0,0.000000,0.000000,0,81.910004
1619075748084101120,39,0,0.000000,0,0,0,-0.000000,0.000000,0,0,0.000000,0.000000,0,81.910004
1619075748084352000,40,0,0.000000,0,0,3,-0.221657,28.600000,0,0,0.000000,-0.800000,1,7.490000
1619075748084606976,41,0,0.000000,0,0,0,-0.000000,0.000000,0,0,0.000000,0.000000,0,81.910004
1619075748084852992,42,0,-0.750000,0,0,4,0.413643,64.900002,0,0,0.000000,-0.900000,0,6.820000
1619075748085100032,43,0,0.000000,0,0,1,0.055851,126.800003,0,0,0.000000,0.000000,2,7.640000
1619075748085603072,44,0,0.000000,0,0,0,-0.000000,0.000000,0,0,0.000000,0.000000,0,81.910004
1619075748085849088,45,0,0.000000,0,0,0,-0.000000,0.000000,0,0,0.000000,0.000000,0,81.910004
1619075748086104064,46,0,0.000000,0,0,0,-0.000000,0.000000,0,0,0.000000,0.000000,0,81.910004
1619075748086104064,47,0,3.500000,0,0,3,0.635300,28.400000,0,0,0.000000,-0.050000,1,6.090000
1619075748086377984,48,0,0.750000,0,0,3,0.385718,10.300000,0,0,0.000000,0.000000,1,7.090000
1619075748086600960,49,0,0.000000,0,0,0,-0.000000,0.000000,0,0,0.000000,0.000000,0,81.910004
1619075748086852096,50,0,0.000000,0,0,0,-0.000000,0.000000,0,0,0.000000,0.000000,0,81.910004
1619075748087099904,51,0,4.000000,0,0,4,-0.101229,82.699997,0,0,0.000000,-1.150000,0,7.590000
1619075748087351040,52,0,1.500000,0,0,3,-0.305433,21.500000,0,0,0.000000,-0.350000,1,7.330000
1619075748087600896,53,0,0.000000,0,0,0,-0.000000,0.000000,0,0,0.000000,0.000000,0,81.910004
1619075748087852032,54,0,0.000000,0,0,0,-0.000000,0.000000,0,0,0.000000,0.000000,0,81.910004
1619075748088100096,55,0,0.000000,0,0,0,-0.000000,0.000000,0,0,0.000000,0.000000,0,81.910004
1619075748088369920,56,0,0.000000,0,1,3,-0.013963,18.400000,0,0,0.000000,-0.450000,3,-2.220000
1619075748088602112,57,0,0.000000,0,0,0,-0.000000,0.000000,0,0,0.000000,0.000000,0,81.910004
1619075748088852992,58,0,0.000000,0,0,0,-0.000000,0.000000,0,0,0.000000,0.000000,0,81.910004
1619075748089104896,59,0,0.000000,0,0,0,-0.000000,0.000000,0,0,0.000000,0.000000,0,81.910004
1619075748089604096,60,0,0.000000,0,0,0,-0.000000,0.000000,0,0,0.000000,0.000000,0,81.910004
1619075748089605120,61,0,0.000000,0,0,0,-0.000000,0.000000,0,0,0.000000,0.000000,0,81.910004
1619075748089862912,62,0,-0.750000,0,0,4,0.326377,65.400002,0,0,0.000000,-0.850000,0,7.210000
1619075748090105088,63,0,-3.500000,0,0,4,-0.080285,78.900002,0,0,0.000000,-0.050000,0,8.060000
1619075748122350080,0,0,0.000000,0,0,0,-0.000000,0.000000,0,0,0.000000,0.000000,0,81.910004
1619075748122599936,1,0,0.000000,0,0,1,-0.153589,126.800003,0,0,0.000000,0.000000,2,7.550000
1619075748122851072,2,0,0.000000,0,0,0,-0.000000,0.000000,0,0,0.000000,0.000000,0,81.910004
1619075748123098880,3,0,-0.250000,0,0,3,0.062832,105.300003,0,0,0.000000,-0.950000,2,7.520000
1619075748123621888,4,0,0.000000,0,0,3,0.185005,20.799999,0,0,0.000000,-0.950000,1,7.550000
1619075748123622912,5,0,-0.750000,0,0,2,-0.652753,43.200001,0,0,0.000000,0.000000,1,6.160000
1619075748123849984,6,0,0.000000,0,0,0,-0.000000,0.000000,0,0,0.000000,0.000000,0,81.910004
1619075748124100096,7,0,0.000000,0,0,0,-0.000000,0.000000,0,0,0.000000,0.000000,0,81.910004
1619075748124349952,8,0,0.000000,0,0,0,-0.000000,0.000000,0,0,0.000000,0.000000,0,81.910004
1619075748124604928,9,0,0.250000,0,0,3,0.113446,38.000000,0,0,0.000000,-1.050000,3,7.510000
1619075748124851968,10,0,0.000000,0,0,0,-0.000000,0.000000,0,0,0.000000,0.000000,0,81.910004
1619075748125101056,11,0,0.000000,0,0,0,-0.000000,0.000000,0,0,0.000000,0.000000,0,81.910004
1619075748125601024,12,0,0.000000,0,0,0,-0.000000,0.000000,0,0,0.000000,0.000000,0,81.910004
1619075748125852928,13,0,0.000000,0,0,0,-0.000000,0.000000,0,0,0.000000,0.000000,0,81.910004
1619075748126102016,14,0,0.000000,0,0,0,-0.000000,0.000000,0,0,0.000000,0.000000,0,81.910004
1619075748126351872,15,0,0.000000,0,0,0,-0.000000,0.000000,0,0,0.000000,0.000000,0,81.910004
1619075748126352896,16,0,0.000000,0,0,0,-0.000000,0.000000,0,0,0.000000,0.000000,0,81.910004
1619075748126600960,17,0,0.000000,0,0,0,-0.000000,0.000000,0,0,0.000000,0.000000,0,81.910004
1619075748126852096,18,0,0.000000,0,0,0,-0.000000,0.000000,0,0,0.000000,0.000000,0,81.910004
1619075748127100928,19,0,0.000000,0,0,0,-0.000000,0.000000,0,0,0.000000,0.000000,0,81.910004
1619075748128354048,20,0,-1.750000,0,0,4,-0.120428,54.900002,0,0,0.000000,-1.050000,0,7.510000
1619075748128637952,21,0,-0.250000,0,0,3,0.338594,60.000000,0,0,0.000000,-0.800000,1,7.200000
1619075748128850944,22,0,0.000000,0,0,1,0.518363,49.500000,0,0,0.000000,0.000000,1,6.640000
1619075748129102080,23,0,0.000000,0,0,1,-0.591667,13.000000,0,0,0.000000,0.000000,1,6.320000
1619075748129349120,24,0,0.000000,0,0,0,-0.000000,0.000000,0,0,0.000000,0.000000,0,81.910004
1619075748129636096,25,0,0.000000,0,0,0,-0.000000,0.000000,0,0,0.000000,0.000000,0,81.910004
1619075748129885952,26,0,0.000000,0,0,0,-0.000000,0.000000,0,0,0.000000,0.000000,0,81.910004
1619075748130097920,27,0,0.000000,0,0,1,0.455531,52.200001,0,0,0.000000,0.000000,1,6.770000
1619075748130598912,28,0,0.000000,0,0,0,-0.000000,0.000000,0,0,0.000000,0.000000,0,81.910004
1619075748130850048,29,0,-0.250000,0,0,3,0.111701,29.100000,0,0,0.000000,-1.000000,3,7.550000
1619075748131099904,30,0,0.000000,0,0,0,-0.000000,0.000000,0,0,0.000000,0.000000,0,81.910004
1619075748131352064,31,0,0.000000,0,0,0,-0.000000,0.000000,0,0,0.000000,0.000000,0,81.910004
1619075748131621888,32,0,0.000000,0,0,0,-0.000000,0.000000,0,0,0.000000,0.000000,0,81.910004
1619075748131622912,33,0,-0.750000,0,0,3,0.431096,41.099998,0,0,0.000000,-0.200000,1,7.010000
1619075748131852032,34,0,0.000000,0,0,0,-0.000000,0.000000,0,0,0.000000,0.000000,0,81.910004
1619075748132100096,35,0,-0.250000,0,0,3,-0.097738,63.900002,0,0,0.000000,-1.100000,2,7.520000
1619075748132352000,36,0,2.500000,0,0,4,0.575959,52.599998,0,0,0.000000,-0.150000,0,6.630000
1619075748132621056,37,0,0.000000,0,0,0,-0.000000,0.000000,0,0,0.000000,0.000000,0,81.910004
1619075748132849920,38,0,0.000000,0,0,0,-0.000000,0.000000,0,0,0.000000,0.000000,0,81.910004
1619075748133100032,39,0,0.000000,0,0,0,-0.000000,0.000000,0,0,0.000000,0.000000,0,81.910004
1619075748133349120,40,0,0.000000,0,0,4,-0.219911,29.000000,0,0,0.000000,-0.800000,0,7.450000
1619075748133600000,41,0,0.000000,0,0,0,-0.000000,0.000000,0,0,0.000000,0.000000,0,81.910004
1619075748133850112,42,0,-0.750000,0,0,4,0.410152,65.199997,0,0,0.000000,-0.900000,0,6.770000
1619075748134098944,43,0,0.000000,0,0,0,-0.000000,0.000000,0,0,0.000000,0.000000,0,81.910004
1619075748134628096,44,0,0.000000,0,0,0,-0.000000,0.000000,0,0,0.000000,0.000000,0,81.910004
1619075748134629120,45,0,0.000000,0,0,0,-0.000000,0.000000,0,0,0.000000,0.000000,0,81.910004
1619075748134885888,46,0,0.000000,0,0,0,-0.000000,0.000000,0,0,0.000000,0.000000,0,81.910004
1619075748135101952,47,0,3.500000,0,0,4,0.628319,28.700001,0,0,0.000000,-0.050000,0,6.070000
1619075748135392000,48,0,0.000000,0,0,3,0.343830,10.700000,0,0,0.000000,0.150000,1,7.130000
1619075748135600128,49,0,0.000000,0,0,0,-0.000000,0.000000,0,0,0.000000,0.000000,0,81.910004
1619075748135849984,50,0,0.000000,0,0,0,-0.000000,0.000000,0,0,0.000000,0.000000,0,81.910004
1619075748136100096,51,0,4.000000,0,0,4,-0.101229,83.099998,0,0,0.000000,-1.150000,0,7.530000
1619075748136349952,52,0,0.750000,0,0,3,-0.294961,21.900000,0,0,0.000000,-0.300000,1,7.320000
1619075748136603904,53,0,0.000000,0,0,0,-0.000000,0.000000,0,0,0.000000,0.000000,0,81.910004
1619075748136852992,54,0,0.000000,0,0,0,-0.000000,0.000000,0,0,0.000000,0.000000,0,81.910004
1619075748137102080,55,0,0.000000,0,0,0,-0.000000,0.000000,0,0,0.000000,0.000000,0,81.910004
1619075748137352960,56,0,0.250000,0,1,3,-0.013963,18.299999,0,0,0.000000,-0.400000,3,-2.220000
1619075748137624064,57,0,0.000000,0,0,0,-0.000000,0.000000,0,0,0.000000,0.000000,0,81.910004
1619075748137850112,58,0,0.000000,0,0,0,-0.000000,0.000000,0,0,0.000000,0.000000,0,81.910004
1619075748138103040,59,0,0.000000,0,0,1,-0.176278,118.300003,0,0,0.000000,0.000000,2,7.540000
1619075748138353920,60,0,0.000000,0,0,0,-0.000000,0.000000,0,0,0.000000,0.000000,0,81.910004
1619075748138637056,61,0,0.000000,0,0,0,-0.000000,0.000000,0,0,0.000000,0.000000,0,81.910004
1619075748138851072,62,0,-0.750000,0,0,4,0.324631,65.699997,0,0,0.000000,-0.850000,0,7.160000
1619075748139099904,63,0,-3.500000,0,0,4,-0.080285,79.300003,0,0,0.000000,-0.050000,0,8.050000
1619075748172371968,0,0,0.000000,0,0,0,-0.000000,0.000000,0,0,0.000000,0.000000,0,81.910004
1619075748172623872,1,0,0.000000,0,0,0,-0.000000,0.000000,0,0,0.000000,0.000000,0,81.910004
1619075748172875008,2,0,0.000000,0,0,0,-0.000000,0.000000,0,0,0.000000,0.000000,0,81.910004
1619075748173123072,3,0,-0.250000,0,0,3,0.062832,105.900002,0,0,0.000000,-0.950000,2,7.460000
1619075748173371904,4,0,0.250000,0,0,3,0.165806,21.400000,0,0,0.000000,-0.950000,1,7.490000
1619075748173623040,5,0,-0.750000,0,0,7,-0.647517,43.500000,0,0,0.000000,0.000000,0,6.160000
1619075748173872896,6,0,0.000000,0,0,0,-0.000000,0.000000,0,0,0.000000,0.000000,0,81.910004
1619075748174150912,7,0,0.000000,0,0,0,-0.000000,0.000000,0,0,0.000000,0.000000,0,81.910004
1619075748174369024,8,0,0.000000,0,0,0,-0.000000,0.000000,0,0,0.000000,0.000000,0,81.910004
1619075748174621952,9,0,0.000000,0,0,3,0.113446,38.400002,0,0,0.000000,-1.050000,3,7.460000
1619075748174871040,10,0,0.000000,0,0,1,0.066323,127.599998,0,0,0.000000,0.000000,2,7.550000
1619075748175151104,11,0,0.000000,0,0,0,-0.000000,0.000000,0,0,0.000000,0.000000,0,81.910004
1619075748175396096,12,0,0.000000,0,0,0,-0.000000,0.000000,0,0,0.000000,0.000000,0,81.910004
1619075748175620096,13,0,0.000000,0,0,0,-0.000000,0.000000,0,0,0.000000,0.000000,0,81.910004
1619075748175872000,14,0,0.000000,0,0,0,-0.000000,0.000000,0,0,0.000000,0.000000,0,81.910004
1619075748176120064,15,0,0.000000,0,0,1,-0.469494,21.900000,0,0,0.000000,0.000000,1,6.710000
1619075748176371968,16,0,0.000000,0,0,0,-0.000000,0.000000,0,0,0.000000,0.000000,0,81.910004
1619075748176620032,17,0,0.000000,0,0,0,-0.000000,0.000000,0,0,0.000000,0.000000,0,81.910004
1619075748176902912,18,0,0.000000,0,0,0,-0.000000,0.000000,0,0,0.000000,0.000000,0,81.910004
1619075748177149952,19,0,0.000000,0,0,0,-0.000000,0.000000,0,0,0.000000,0.000000,0,81.910004
1619075748177370880,20,0,0.250000,0,0,3,-0.120428,55.299999,0,0,0.000000,-1.050000,2,7.450000
1619075748177622016,21,0,-0.250000,0,0,4,0.336849,60.299999,0,0,0.000000,-0.800000,0,7.160000
1619075748177872896,22,0,0.000000,0,0,0,-0.000000,0.000000,0,0,0.000000,0.000000,0,81.910004
1619075748178121984,23,0,0.500000,0,0,2,-0.638790,13.500000,0,0,0.000000,-0.050000,1,6.240000
1619075748178384896,24,0,0.000000,0,0,0,-0.000000,0.000000,0,0,0.000000,0.000000,0,81.910004
1619075748178640896,25,0,0.000000,0,0,0,-0.000000,0.000000,0,0,0.000000,0.000000,0,81.910004
1619075748178885120,26,0,0.000000,0,0,0,-0.000000,0.000000,0,0,0.000000,0.000000,0,81.910004
1619075748179129088,27,0,0.250000,0,0,2,0.469494,52.500000,0,0,0.000000,-0.050000,1,6.750000
1619075748179385088,28,0,0.000000,0,0,0,-0.000000,0.000000,0,0,0.000000,0.000000,0,81.910004
1619075748179651072,29,0,0.000000,0,0,3,0.111701,29.400000,0,0,0.000000,-1.000000,3,7.500000
1619075748179919872,30,0,0.000000,0,0,0,-0.000000,0.000000,0,0,0.000000,0.000000,0,81.910004
1619075748180133120,31,0,0.000000,0,0,0,-0.000000,0.000000,0,0,0.000000,0.000000,0,81.910004
1619075748180386048,32,0,0.000000,0,0,0,-0.000000,0.000000,0,0,0.000000,0.000000,0,81.910004
1619075748180637952,33,0,-0.500000,0,0,3,0.427606,41.400002,0,0,0.000000,-0.200000,1,6.980000
1619075748180886016,34,0,0.000000,0,0,0,-0.000000,0.000000,0,0,0.000000,0.000000,0,81.910004
1619075748181124096,35,0,-0.250000,0,0,3,-0.097738,64.599998,0,0,0.000000,-1.100000,2,7.460000
1619075748181385984,36,0,2.500000,0,0,4,0.572468,52.900002,0,0,0.000000,-0.150000,0,6.620000
1619075748181624064,37,0,0.000000,0,0,0,-0.000000,0.000000,0,0,0.000000,0.000000,0,81.910004
1619075748181872896,38,0,0.000000,0,0,0,-0.000000,0.000000,0,0,0.000000,0.000000,0,81.910004
1619075748182123008,39,0,0.000000,0,0,0,-0.000000,0.000000,0,0,0.000000,0.000000,0,81.910004
1619075748182372096,40,0,-1.000000,0,0,3,-0.202458,29.600000,0,0,0.000000,-0.800000,1,7.410000
1619075748182621952,41,0,0.000000,0,0,0,-0.000000,0.000000,0,0,0.000000,0.000000,0,81.910004
1619075748182871040,42,0,-0.750000,0,0,4,0.408407,65.500000,0,0,0.000000,-0.900000,0,6.710000
1619075748183120896,43,0,0.000000,0,0,0,-0.000000,0.000000,0,0,0.000000,0.000000,0,81.910004
1619075748183369984,44,0,0.000000,0,0,0,-0.000000,0.000000,0,0,0.000000,0.000000,0,81.910004
1619075748183622912,45,0,0.000000,0,0,0,-0.000000,0.000000,0,0,0.000000,0.000000,0,81.910004
1619075748183868928,46,0,0.000000,0,0,0,-0.000000,0.000000,0,0,0.000000,0.000000,0,81.910004
1619075748184120064,47,0,2.750000,0,0,3,0.619592,29.000000,0,0,0.000000,0.050000,1,6.090000
1619075748184369920,48,0,-0.500000,0,0,3,0.336849,11.000000,0,0,0.000000,0.250000,1,7.160000
1619075748184620032,49,0,0.000000,0,0,0,-0.000000,0.000000,0,0,0.000000,0.000000,0,81.910004
1619075748184882944,50,0,0.000000,0,0,0,-0.000000,0.000000,0,0,0.000000,0.000000,0,81.910004
1619075748185149952,51,0,4.000000,0,0,4,-0.099484,83.400002,0,0,0.000000,-1.150000,0,7.470000
1619075748185370880,52,0,1.250000,0,0,3,-0.291470,22.200001,0,0,0.000000,-0.350000,1,7.270000
1619075748185622016,53,0,0.000000,0,0,0,-0.000000,0.000000,0,0,0.000000,0.000000,0,81.910004
1619075748185871104,54,0,0.000000,0,0,0,-0.000000,0.000000,0,0,0.000000,0.000000,0,81.910004
1619075748186160128,55,0,0.000000,0,0,0,-0.000000,0.000000,0,0,0.000000,0.000000,0,81.910004
1619075748186371072,56,0,0.250000,0,1,3,-0.015708,18.200001,0,0,0.000000,-0.350000,3,-2.210000
1619075748187372032,57,0,0.000000,0,0,0,-0.000000,0.000000,0,0,0.000000,0.000000,0,81.910004
1619075748187618048,58,0,0.000000,0,0,0,-0.000000,0.000000,0,0,0.000000,0.000000,0,81.910004
1619075748187868928,59,0,0.000000,0,0,0,-0.000000,0.000000,0,0,0.000000,0.000000,0,81.910004
1619075748188122880,60,0,0.000000,0,0,0,-0.000000,0.000000,0,0,0.000000,0.000000,0,81.910004
1619075748188391936,61,0,0.000000,0,0,0,-0.000000,0.000000,0,0,0.000000,0.000000,0,81.910004
1619075748188638976,62,0,-0.750000,0,0,4,0.322886,66.099998,0,0,0.000000,-0.850000,0,7.100000
1619075748188889088,63,0,-3.500000,0,0,4,-0.080285,79.699997,0,0,0.000000,-0.050000,0,8.030000
1619075748222394112,0,0,0.000000,0,0,0,-0.000000,0.000000,0,0,0.000000,0.000000,0,81.910004
1619075748222619904,1,0,0.000000,0,0,0,-0.000000,0.000000,0,0,0.000000,0.000000,0,81.910004
1619075748222871040,2,0,0.000000,0,0,1,-0.452040,56.299999,0,0,0.000000,0.000000,1,6.790000
1619075748223119872,3,0,-0.250000,0,0,3,0.062832,106.599998,0,0,0.000000,-0.950000,2,7.410000
1619075748223393024,4,0,0.250000,0,0,3,0.162316,22.000000,0,0,0.000000,-0.900000,1,7.450000
1619075748223620096,5,0,0.000000,0,0,0,-0.000000,0.000000,0,0,0.000000,0.000000,0,81.910004
1619075748223869952,6,0,0.000000,0,0,0,-0.000000,0.000000,0,0,0.000000,0.000000,0,81.910004
1619075748224120064,7,0,0.000000,0,0,0,-0.000000,0.000000,0,0,0.000000,0.000000,0,81.910004
1619075748224391936,8,0,0.000000,0,0,0,-0.000000,0.000000,0,0,0.000000,0.000000,0,81.910004
1619075748224623104,9,0,0.000000,0,0,3,0.111701,38.700001,0,0,0.000000,-1.050000,3,7.410000
1619075748224872960,10,0,0.000000,0,0,0,-0.000000,0.000000,0,0,0.000000,0.000000,0,81.910004
1619075748225120000,11,0,0.000000,0,0,0,-0.000000,0.000000,0,0,0.000000,0.000000,0,81.910004
1619075748225377024,12,0,0.000000,0,0,0,-0.000000,0.000000,0,0,0.000000,0.000000,0,81.910004
1619075748225625088,13,0,0.000000,0,0,0,-0.000000,0.000000,0,0,0.000000,0.000000,0,81.910004
1619075748225871872,14,0,0.000000,0,0,0,-0.000000,0.000000,0,0,0.000000,0.000000,0,81.910004
1619075748226121984,15,0,-0.750000,0,0,2,-0.495674,22.200001,0,0,0.000000,0.000000,1,6.720000
1619075748226393088,16,0,0.000000,0,0,0,-0.000000,0.000000,0,0,0.000000,0.000000,0,81.910004
1619075748226620928,17,0,0.000000,0,0,0,-0.000000,0.000000,0,0,0.000000,0.000000,0,81.910004
1619075748226870016,18,0,0.000000,0,0,1,0.452040,36.500000,0,0,0.000000,0.000000,1,6.740000
1619075748227120128,19,0,0.000000,0,0,0,-0.000000,0.000000,0,0,0.000000,0.000000,0,81.910004
1619075748227390976,20,0,0.250000,0,0,4,-0.118682,55.700001,0,0,0.000000,-1.050000,0,7.400000
1619075748227621120,21,0,-0.250000,0,0,4,0.335103,60.700001,0,0,0.000000,-0.800000,0,7.110000
1619075748227870976,22,0,0.000000,0,0,0,-0.000000,0.000000,0,0,0.000000,0.000000,0,81.910004
1619075748228120064,23,0,-2.500000,0,0,2,-0.574213,13.800000,0,0,0.000000,0.000000,1,6.300000
1619075748228385024,24,0,0.000000,0,0,0,-0.000000,0.000000,0,0,0.000000,0.000000,0,81.910004
1619075748228635904,25,0,0.000000,0,0,0,-0.000000,0.000000,0,0,0.000000,0.000000,0,81.910004
1619075748228884992,26,0,0.000000,0,0,0,-0.000000,0.000000,0,0,0.000000,0.000000,0,81.910004
1619075748229134080,27,0,0.250000,0,0,7,0.466003,52.900002,0,0,0.000000,-0.050000,0,6.730000
1619075748229384960,28,0,0.000000,0,0,0,-0.000000,0.000000,0,0,0.000000,0.000000,0,81.910004
1619075748229636096,29,0,0.000000,0,0,3,0.099484,29.700001,0,0,0.000000,-1.000000,3,7.450000
1619075748229883904,30,0,0.000000,0,0,0,-0.000000,0.000000,0,0,0.000000,0.000000,0,81.910004
1619075748230139904,31,0,0.000000,0,0,0,-0.000000,0.000000,0,0,0.000000,0.000000,0,81.910004
1619075748230384128,32,0,0.000000,0,0,0,-0.000000,0.000000,0,0,0.000000,0.000000,0,81.910004
1619075748230633984,33,0,-0.750000,0,0,3,0.436332,42.000000,0,0,0.000000,-0.200000,1,6.960000
1619075748230888960,34,0,0.000000,0,0,0,-0.000000,0.000000,0,0,0.000000,0.000000,0,81.910004
1619075748231133952,35,0,-0.250000,0,0,3,-0.097738,65.199997,0,0,0.000000,-1.100000,2,7.410000
1619075748231384064,36,0,2.500000,0,0,4,0.568977,53.200001,0,0,0.000000,-0.150000,0,6.600000
1619075748231619072,37,0,0.000000,0,0,0,-0.000000,0.000000,0,0,0.000000,0.000000,0,81.910004
1619075748231869952,38,0,0.000000,0,0,0,-0.000000,0.000000,0,0,0.000000,0.000000,0,81.910004
1619075748232119040,39,0,0.000000,0,0,0,-0.000000,0.000000,0,0,0.000000,0.000000,0,81.910004
1619075748232408064,40,0,-1.000000,0,0,4,-0.200713,30.000000,0,0,0.000000,-0.800000,0,7.360000
1619075748232622080,41,0,0.000000,0,0,0,-0.000000,0.000000,0,0,0.000000,0.000000,0,81.910004
1619075748232872960,42,0,0.000000,0,0,0,-0.000000,0.000000,0,0,0.000000,0.000000,0,81.910004
1619075748233122048,43,0,0.000000,0,0,0,-0.000000,0.000000,0,0,0.000000,0.000000,0,81.910004
1619075748233393920,44,0,0.000000,0,0,0,-0.000000,0.000000,0,0,0.000000,0.000000,0,81.910004
1619075748233620992,45,0,0.000000,0,0,0,-0.000000,0.000000,0,0,0.000000,0.000000,0,81.910004
1619075748233871872,46,0,0.000000,0,0,0,-0.000000,0.000000,0,0,0.000000,0.000000,0,81.910004
1619075748234121984,47,0,2.750000,0,0,3,0.609120,29.299999,0,0,0.000000,-0.050000,1,6.050000
1619075748234395904,48,0,-0.750000,0,0,3,0.329867,11.400000,0,0,0.000000,0.300000,1,7.180000
1619075748234619904,49,0,0.000000,0,0,0,-0.000000,0.000000,0,0,0.000000,0.000000,0,81.910004
1619075748234871040,50,0,0.000000,0,0,0,-0.000000,0.000000,0,0,0.000000,0.000000,0,81.910004
1619075748235123968,51,0,4.000000,0,0,4,-0.099484,83.800003,0,0,0.000000,-1.150000,0,7.410000
1619075748235393024,52,0,1.250000,0,0,3,-0.286234,22.600000,0,0,0.000000,-0.400000,1,7.230000
1619075748235621120,53,0,0.000000,0,0,0,-0.000000,0.000000,0,0,0.000000,0.000000,0,81.910004
1619075748235874048,54,0,0.000000,0,0,0,-0.000000,0.000000,0,0,0.000000,0.000000,0,81.910004
1619075748236121088,55,0,0.000000,0,0,0,-0.000000,0.000000,0,0,0.000000,0.000000,0,81.910004
1619075748236392960,56,0,0.250000,0,1,3,-0.015708,18.100000,0,0,0.000000,-0.350000,3,-2.200000
1619075748236621056,57,0,0.000000,0,0,0,-0.000000,0.000000,0,0,0.000000,0.000000,0,81.910004
1619075748236871936,58,0,0.000000,0,0,0,-0.000000,0.000000,0,0,0.000000,0.000000,0,81.910004
1619075748237143040,59,0,0.000000,0,0,0,-0.000000,0.000000,0,0,0.000000,0.000000,0,81.910004
1619075748237394944,60,0,0.000000,0,0,0,-0.000000,0.000000,0,0,0.000000,0.000000,0,81.910004
1619075748237618944,61,0,0.000000,0,0,0,-0.000000,0.000000,0,0,0.000000,0.000000,0,81.910004
1619075748237870080,62,0,0.000000,0,0,0,-0.000000,0.000000,0,0,0.000000,0.000000,0,81.910004
1619075748238120960,63,0,-3.500000,0,0,4,-0.080285,80.099998,0,0,0.000000,-0.050000,0,8.020000
1619075748272390912,0,0,0.000000,0,0,0,-0.000000,0.000000,0,0,0.000000,0.000000,0,81.910004
1619075748272642048,1,0,0.000000,0,0,0,-0.000000,0.000000,0,0,0.000000,0.000000,0,81.910004
1619075748272922880,2,0,0.000000,0,0,0,-0.000000,0.000000,0,0,0.000000,0.000000,0,81.910004
1619075748273143040,3,0,0.000000,0,0,3,0.059341,107.199997,0,0,0.000000,-0.950000,2,7.370000
1619075748273390080,4,0,0.250000,0,0,3,0.160570,22.700001,0,0,0.000000,-0.900000,1,7.390000
1619075748273640960,5,0,0.000000,0,0,0,-0.000000,0.000000,0,0,0.000000,0.000000,0,81.910004
1619075748273917952,6,0,0.000000,0,0,0,-0.000000,0.000000,0,0,0.000000,0.000000,0,81.910004
1619075748274170112,7,0,0.000000,0,0,0,-0.000000,0.000000,0,0,0.000000,0.000000,0,81.910004
1619075748274391040,8,0,0.000000,0,0,0,-0.000000,0.000000,0,0,0.000000,0.000000,0,81.910004
1619075748274646016,9,0,0.000000,0,0,3,0.122173,39.099998,0,0,0.000000,-1.000000,3,7.370000
1619075748274926080,10,0,0.000000,0,0,0,-0.000000,0.000000,0,0,0.000000,0.000000,0,81.910004
1619075748275168000,11,0,0.000000,0,0,0,-0.000000,0.000000,0,0,0.000000,0.000000,0,81.910004
1619075748275395072,12,0,0.000000,0,0,0,-0.000000,0.000000,0,0,0.000000,0.000000,0,81.910004
1619075748275642112,13,0,0.000000,0,0,0,-0.000000,0.000000,0,0,0.000000,0.000000,0,81.910004
1619075748275888896,14,0,0.000000,0,0,0,-0.000000,0.000000,0,0,0.000000,0.000000,0,81.910004
1619075748276141056,15,0,-1.000000,0,0,2,-0.486947,22.600000,0,0,0.000000,0.000000,1,6.710000
1619075748276390912,16,0,0.000000,0,0,0,-0.000000,0.000000,0,0,0.000000,0.000000,0,81.910004
1619075748276641024,17,0,0.000000,0,0,0,-0.000000,0.000000,0,0,0.000000,0.000000,0,81.910004
1619075748276893952,18,0,0.000000,0,0,0,-0.000000,0.000000,0,0,0.000000,0.000000,0,81.910004
1619075748277140992,19,0,0.000000,0,0,0,-0.000000,0.000000,0,0,0.000000,0.000000,0,81.910004
1619075748277441024,20,0,0.750000,0,0,3,-0.118682,56.000000,0,0,0.000000,-1.000000,2,7.350000
1619075748277660928,21,0,-0.250000,0,0,4,0.333358,61.000000,0,0,0.000000,-0.800000,0,7.060000
1619075748277891072,22,0,0.000000,0,0,0,-0.000000,0.000000,0,0,0.000000,0.000000,0,81.910004
1619075748278173952,23,0,-4.750000,0,0,3,-0.556760,14.100000,0,0,0.000000,0.000000,1,6.330000
1619075748278443008,24,0,0.000000,0,0,0,-0.000000,0.000000,0,0,0.000000,0.000000,0,81.910004
1619075748278656000,25,0,0.000000,0,0,0,-0.000000,0.000000,0,0,0.000000,0.000000,0,81.910004
1619075748278877952,26,0,0.000000,0,0,0,-0.000000,0.000000,0,0,0.000000,0.000000,0,81.910004
1619075748279143936,27,0,0.000000,0,0,0,-0.000000,0.000000,0,0,0.000000,0.000000,0,81.910004
1619075748279411968,28,0,0.000000,0,0,0,-0.000000,0.000000,0,0,0.000000,0.000000,0,81.910004
1619075748279655936,29,0,0.250000,0,0,3,0.099484,30.000000,0,0,0.000000,-0.950000,3,7.410000
1619075748279894016,30,0,0.000000,0,0,1,-0.399680,53.099998,0,0,0.000000,0.000000,1,6.800000
1619075748280154880,31,0,0.000000,0,0,0,-0.000000,0.000000,0,0,0.000000,0.000000,0,81.910004
1619075748280393984,32,0,0.000000,0,0,0,-0.000000,0.000000,0,0,0.000000,0.000000,0,81.910004
1619075748280655104,33,0,-0.750000,0,0,3,0.431096,42.299999,0,0,0.000000,-0.200000,1,6.930000
1619075748280932096,34,0,0.000000,0,0,0,-0.000000,0.000000,0,0,0.000000,0.000000,0,81.910004
1619075748281196032,35,0,-0.250000,0,0,4,-0.097738,65.599998,0,0,0.000000,-1.100000,0,7.340000
1619075748281411072,36,0,6.250000,0,0,3,0.544543,53.500000,0,0,0.000000,-0.150000,1,6.590000
1619075748281656064,37,0,0.000000,0,0,0,-0.000000,0.000000,0,0,0.000000,0.000000,0,81.910004
1619075748281924096,38,0,0.000000,0,0,0,-0.000000,0.000000,0,0,0.000000,0.000000,0,81.910004
1619075748282144000,39,0,0.000000,0,0,0,-0.000000,0.000000,0,0,0.000000,0.000000,0,81.910004
1619075748282391040,40,0,0.000000,0,0,3,-0.198968,30.299999,0,0,0.000000,-0.800000,1,7.320000
1619075748282642944,41,0,0.000000,0,0,0,-0.000000,0.000000,0,0,0.000000,0.000000,0,81.910004
1619075748282927104,42,0,0.000000,0,0,0,-0.000000,0.000000,0,0,0.000000,0.000000,0,81.910004
1619075748283165952,43,0,0.000000,0,0,0,-0.000000,0.000000,0,0,0.000000,0.000000,0,81.910004
1619075748283428096,44,0,0.000000,0,0,0,-0.000000,0.000000,0,0,0.000000,0.000000,0,81.910004
1619075748283667968,45,0,0.000000,0,0,0,-0.000000,0.000000,0,0,0.000000,0.000000,0,81.910004
1619075748283919104,46,0,0.000000,0,0,0,-0.000000,0.000000,0,0,0.000000,0.000000,0,81.910004
1619075748284166912,47,0,2.000000,0,0,3,0.600393,29.600000,0,0,0.000000,0.050000,1,6.060000
1619075748284421120,48,0,-0.750000,0,0,3,0.324631,11.700000,0,0,0.000000,0.300000,1,7.190000
1619075748284660992,49,0,0.000000,0,0,1,-0.153589,37.000000,0,0,0.000000,0.000000,1,7.410000
1619075748284891904,50,0,0.000000,0,0,0,-0.000000,0.000000,0,0,0.000000,0.000000,0,81.910004
1619075748285143040,51,0,4.000000,0,0,4,-0.097738,84.199997,0,0,0.000000,-1.150000,0,7.340000
1619075748285391872,52,0,0.250000,0,0,3,-0.277507,23.000000,0,0,0.000000,-0.400000,1,7.210000
1619075748285639936,53,0,0.000000,0,0,0,-0.000000,0.000000,0,0,0.000000,0.000000,0,81.910004
1619075748285890048,54,0,0.000000,0,0,0,-0.000000,0.000000,0,0,0.000000,0.000000,0,81.910004
1619075748286139904,55,0,0.000000,0,0,0,-0.000000,0.000000,0,0,0.000000,0.000000,0,81.910004
1619075748286388992,56,0,0.250000,0,1,3,-0.017453,18.000000,0,0,0.000000,-0.300000,3,-2.180000
1619075748286640896,57,0,0.000000,0,0,0,-0.000000,0.000000,0,0,0.000000,0.000000,0,81.910004
1619075748286891008,58,0,0.000000,0,0,0,-0.000000,0.000000,0,0,0.000000,0.000000,0,81.910004
1619075748287179008,59,0,0.000000,0,0,0,-0.000000,0.000000,0,0,0.000000,0.000000,0,81.910004
1619075748287398912,60,0,0.000000,0,0,0,-0.000000,0.000000,0,0,0.000000,0.000000,0,81.910004
1619075748287642880,61,0,0.000000,0,0,0,-0.000000,0.000000,0,0,0.000000,0.000000,0,81.910004
1619075748287891968,62,0,0.000000,0,0,0,-0.000000,0.000000,0,0,0.000000,0.000000,0,81.910004
1619075748288171008,63,0,-3.500000,0,0,4,-0.078540,80.500000,0,0,0.000000,-0.050000,0,8.000000
1619075748322390016,0,0,0.000000,0,0,0,-0.000000,0.000000,0,0,0.000000,0.000000,0,81.910004
1619075748322656000,1,0,0.000000,0,0,0,-0.000000,0.000000,0,0,0.000000,0.000000,0,81.910004
1619075748322906112,2,0,0.000000,0,0,0,-0.000000,0.000000,0,0,0.000000,0.000000,0,81.910004
1619075748323141120,3,0,0.000000,0,0,4,0.059341,107.500000,0,0,0.000000,-0.950000,0,7.310000
1619075748323406080,4,0,0.250000,0,0,3,0.157080,23.500000,0,0,0.000000,-0.900000,3,7.350000
1619075748323641088,5,0,0.000000,0,0,0,-0.000000,0.000000,0,0,0.000000,0.000000,0,81.910004
1619075748323892992,6,0,0.000000,0,0,0,-0.000000,0.000000,0,0,0.000000,0.000000,0,81.910004
1619075748324142080,7,0,0.000000,0,0,0,-0.000000,0.000000,0,0,0.000000,0.000000,0,81.910004
1619075748324392960,8,0,0.000000,0,0,0,-0.000000,0.000000,0,0,0.000000,0.000000,0,81.910004
1619075748324641024,9,0,0.000000,0,0,3,0.122173,39.500000,0,0,0.000000,-1.000000,3,7.330000
1619075748324890880,10,0,0.000000,0,0,0,-0.000000,0.000000,0,0,0.000000,0.000000,0,81.910004
1619075748325142016,11,0,0.000000,0,0,0,-0.000000,0.000000,0,0,0.000000,0.000000,0,81.910004
1619075748325391872,12,0,0.000000,0,0,0,-0.000000,0.000000,0,0,0.000000,0.000000,0,81.910004
1619075748325640960,13,0,0.000000,0,0,0,-0.000000,0.000000,0,0,0.000000,0.000000,0,81.910004
1619075748325891072,14,0,0.000000,0,0,0,-0.000000,0.000000,0,0,0.000000,0.000000,0,81.910004
1619075748326142976,15,0,-1.000000,0,0,7,-0.478220,22.900000,0,0,0.000000,0.000000,0,6.710000
1619075748326413056,16,0,0.000000,0,0,0,-0.000000,0.000000,0,0,0.000000,0.000000,0,81.910004
1619075748326640896,17,0,0.000000,0,0,0,-0.000000,0.000000,0,0,0.000000,0.000000,0,81.910004
1619075748326893056,18,0,0.000000,0,0,0,-0.000000,0.000000,0,0,0.000000,0.000000,0,81.910004
1619075748327141120,19,0,0.000000,0,0,0,-0.000000,0.000000,0,0,0.000000,0.000000,0,81.910004
1619075748327393024,20,0,3.500000,0,0,3,-0.123918,56.599998,0,0,0.000000,-1.000000,2,7.300000
1619075748327641088,21,0,-0.250000,0,0,4,0.329867,61.400002,0,0,0.000000,-0.800000,0,7.020000
1619075748327891968,22,0,0.000000,0,0,0,-0.000000,0.000000,0,0,0.000000,0.000000,0,81.910004
1619075748328141056,23,0,-5.000000,0,0,3,-0.539307,14.400000,0,0,0.000000,0.100000,1,6.360000
1619075748328395008,24,0,0.000000,0,0,0,-0.000000,0.000000,0,0,0.000000,0.000000,0,81.910004
1619075748328655872,25,0,0.000000,0,0,0,-0.000000,0.000000,0,0,0.000000,0.000000,0,81.910004
1619075748328904960,26,0,0.000000,0,0,0,-0.000000,0.000000,0,0,0.000000,0.000000,0,81.910004
1619075748329155072,27,0,0.000000,0,0,0,-0.000000,0.000000,0,0,0.000000,0.000000,0,81.910004
1619075748329404928,28,0,0.000000,0,0,0,-0.000000,0.000000,0,0,0.000000,0.000000,0,81.910004
1619075748329656064,29,0,0.000000,0,0,3,0.099484,30.600000,0,0,0.000000,-0.950000,3,7.360000
1619075748329904896,30,0,0.000000,0,0,0,-0.000000,0.000000,0,0,0.000000,0.000000,0,81.910004
1619075748330155008,31,0,0.000000,0,0,0,-0.000000,0.000000,0,0,0.000000,0.000000,0,81.910004
1619075748330391040,32,0,0.000000,0,0,0,-0.000000,0.000000,0,0,0.000000,0.000000,0,81.910004
1619075748330639872,33,0,-0.500000,0,0,3,0.425860,42.599998,0,0,0.000000,-0.250000,1,6.900000
1619075748330889984,34,0,0.000000,0,0,0,-0.000000,0.000000,0,0,0.000000,0.000000,0,81.910004
1619075748331158016,35,0,-0.250000,0,0,4,-0.095993,65.900002,0,0,0.000000,-1.100000,0,7.280000
1619075748331414016,36,0,7.750000,0,0,3,0.525344,53.900002,0,0,0.000000,-0.100000,1,6.590000
1619075748331655936,37,0,0.000000,0,0,0,-0.000000,0.000000,0,0,0.000000,0.000000,0,81.910004
1619075748331889920,38,0,0.000000,0,0,0,-0.000000,0.000000,0,0,0.000000,0.000000,0,81.910004
1619075748332141056,39,0,0.000000,0,0,0,-0.000000,0.000000,0,0,0.000000,0.000000,0,81.910004
1619075748332425984,40,0,0.250000,0,0,3,-0.198968,30.600000,0,0,0.000000,-0.800000,1,7.270000
1619075748332638976,41,0,0.000000,0,0,0,-0.000000,0.000000,0,0,0.000000,0.000000,0,81.910004
1619075748332903936,42,0,0.000000,0,0,0,-0.000000,0.000000,0,0,0.000000,0.000000,0,81.910004
1619075748333160960,43,0,0.000000,0,0,0,-0.000000,0.000000,0,0,0.000000,0.000000,0,81.910004
1619075748333411072,44,0,0.000000,0,0,0,-0.000000,0.000000,0,0,0.000000,0.000000,0,81.910004
1619075748333655040,45,0,0.000000,0,0,0,-0.000000,0.000000,0,0,0.000000,0.000000,0,81.910004
1619075748333891072,46,0,0.000000,0,0,0,-0.000000,0.000000,0,0,0.000000,0.000000,0,81.910004
1619075748334139904,47,0,1.750000,0,0,3,0.591667,29.900000,0,0,0.000000,0.150000,1,6.090000
1619075748334412032,48,0,-0.500000,0,0,3,0.317650,12.100000,0,0,0.000000,0.300000,1,7.190000
1619075748334640128,49,0,0.000000,0,0,0,-0.000000,0.000000,0,0,0.000000,0.000000,0,81.910004
1619075748334889984,50,0,0.000000,0,0,0,-0.000000,0.000000,0,0,0.000000,0.000000,0,81.910004
1619075748335140096,51,0,3.500000,0,0,3,-0.101229,84.800003,0,0,0.000000,-1.150000,2,7.300000
1619075748335411968,52,0,0.000000,0,0,3,-0.272271,23.299999,0,0,0.000000,-0.400000,1,7.190000
1619075748335640064,53,0,0.000000,0,0,0,-0.000000,0.000000,0,0,0.000000,0.000000,0,81.910004
1619075748335889920,54,0,0.000000,0,0,0,-0.000000,0.000000,0,0,0.000000,0.000000,0,81.910004
1619075748336139008,55,0,0.000000,0,0,0,-0.000000,0.000000,0,0,0.000000,0.000000,0,81.910004
1619075748336389120,56,0,0.250000,0,1,3,-0.019199,17.900000,0,0,0.000000,-0.250000,3,-2.120000
1619075748336637952,57,0,0.000000,0,0,0,-0.000000,0.000000,0,0,0.000000,0.000000,0,81.910004
1619075748336889088,58,0,0.000000,0,0,0,-0.000000,0.000000,0,0,0.000000,0.000000,0,81.910004
1619075748337137920,59,0,0.000000,0,0,0,-0.000000,0.000000,0,0,0.000000,0.000000,0,81.910004
1619075748337412096,60,0,0.000000,0,0,0,-0.000000,0.000000,0,0,0.000000,0.000000,0,81.910004
1619075748337639936,61,0,0.000000,0,0,0,-0.000000,0.000000,0,0,0.000000,0.000000,0,81.910004
1619075748337890048,62,0,0.000000,0,0,0,-0.000000,0.000000,0,0,0.000000,0.000000,0,81.910004
1619075748338138880,63,0,-3.500000,0,0,4,-0.078540,80.900002,0,0,0.000000,-0.050000,0,7.980000
1619075748372414976,0,0,0.000000,0,0,0,-0.000000,0.000000,0,0,0.000000,0.000000,0,81.910004
1619075748372668928,1,0,0.000000,0,0,0,-0.000000,0.000000,0,0,0.000000,0.000000,0,81.910004
1619075748372912896,2,0,0.000000,0,0,0,-0.000000,0.000000,0,0,0.000000,0.000000,0,81.910004
1619075748373188096,3,0,0.000000,0,0,4,0.059341,107.900002,0,0,0.000000,-0.950000,0,7.260000
1619075748373413888,4,0,0.250000,0,0,3,0.155334,24.100000,0,0,0.000000,-0.900000,1,7.300000
1619075748373660928,5,0,0.000000,0,0,0,-0.000000,0.000000,0,0,0.000000,0.000000,0,81.910004
1619075748373926912,6,0,0.000000,0,0,1,-0.104720,60.900002,0,0,0.000000,0.000000,2,7.420000
1619075748374160896,7,0,0.000000,0,0,0,-0.000000,0.000000,0,0,0.000000,0.000000,0,81.910004
1619075748374412032,8,0,0.000000,0,0,0,-0.000000,0.000000,0,0,0.000000,0.000000,0,81.910004
1619075748374683904,9,0,0.000000,0,0,3,0.111701,39.799999,0,0,0.000000,-0.950000,3,7.290000
1619075748374908928,10,0,0.000000,0,0,0,-0.000000,0.000000,0,0,0.000000,0.000000,0,81.910004
1619075748375201024,11,0,0.000000,0,0,0,-0.000000,0.000000,0,0,0.000000,0.000000,0,81.910004
1619075748375419904,12,0,0.000000,0,0,0,-0.000000,0.000000,0,0,0.000000,0.000000,0,81.910004
1619075748375695872,13,0,0.000000,0,0,0,-0.000000,0.000000,0,0,0.000000,0.000000,0,81.910004
1619075748375910912,14,0,0.000000,0,0,0,-0.000000,0.000000,0,0,0.000000,0.000000,0,81.910004
1619075748376158976,15,0,0.000000,0,0,0,-0.000000,0.000000,0,0,0.000000,0.000000,0,81.910004
1619075748376445952,16,0,0.000000,0,0,0,-0.000000,0.000000,0,0,0.000000,0.000000,0,81.910004
1619075748376688896,17,0,0.000000,0,0,0,-0.000000,0.000000,0,0,0.000000,0.000000,0,81.910004
1619075748376915968,18,0,0.000000,0,0,0,-0.000000,0.000000,0,0,0.000000,0.000000,0,81.910004
1619075748377165056,19,0,0.000000,0,0,0,-0.000000,0.000000,0,0,0.000000,0.000000,0,81.910004
1619075748378426880,20,0,5.500000,0,0,3,-0.127409,57.200001,0,0,0.000000,-1.000000,2,7.270000
1619075748378678016,21,0,-0.250000,0,0,4,0.328122,61.700001,0,0,0.000000,-0.800000,0,6.970000
1619075748378926080,22,0,0.000000,0,0,0,-0.000000,0.000000,0,0,0.000000,0.000000,0,81.910004
1619075748379184128,23,0,-4.750000,0,0,3,-0.520108,14.700000,0,0,0.000000,0.150000,1,6.380000
1619075748379426048,24,0,0.000000,0,0,0,-0.000000,0.000000,0,0,0.000000,0.000000,0,81.910004
1619075748379684096,25,0,0.000000,0,0,0,-0.000000,0.000000,0,0,0.000000,0.000000,0,81.910004
1619075748379927040,26,0,0.000000,0,0,0,-0.000000,0.000000,0,0,0.000000,0.000000,0,81.910004
1619075748380176896,27,0,0.000000,0,0,0,-0.000000,0.000000,0,0,0.000000,0.000000,0,81.910004
1619075748380411904,28,0,0.000000,0,0,0,-0.000000,0.000000,0,0,0.000000,0.000000,0,81.910004
1619075748380659968,29,0,0.000000,0,0,3,0.099484,31.200001,0,0,0.000000,-0.950000,3,7.320000
1619075748380911104,30,0,0.000000,0,0,0,-0.000000,0.000000,0,0,0.000000,0.000000,0,81.910004
1619075748381163008,31,0,0.000000,0,0,0,-0.000000,0.000000,0,0,0.000000,0.000000,0,81.910004
1619075748381425920,32,0,0.000000,0,0,0,-0.000000,0.000000,0,0,0.000000,0.000000,0,81.910004
1619075748381676032,33,0,-0.500000,0,0,3,0.411898,42.900002,0,0,0.000000,-0.250000,1,6.880000
1619075748381916928,34,0,0.000000,0,0,0,-0.000000,0.000000,0,0,0.000000,0.000000,0,81.910004
1619075748382177024,35,0,-0.250000,0,0,3,-0.095993,66.500000,0,0,0.000000,-1.100000,2,7.230000
1619075748382413056,36,0,7.750000,0,0,4,0.521853,54.200001,0,0,0.000000,-0.100000,0,6.580000
1619075748382661888,37,0,0.000000,0,0,0,-0.000000,0.000000,0,0,0.000000,0.000000,0,81.910004
1619075748382916096,38,0,0.000000,0,0,0,-0.000000,0.000000,0,0,0.000000,0.000000,0,81.910004
1619075748383175936,39,0,0.000000,0,0,0,-0.000000,0.000000,0,0,0.000000,0.000000,0,81.910004
1619075748383426048,40,0,0.500000,0,0,3,-0.198968,31.000000,0,0,0.000000,-0.800000,1,7.230000
1619075748383665920,41,0,0.000000,0,0,0,-0.000000,0.000000,0,0,0.000000,0.000000,0,81.910004
1619075748383926016,42,0,0.000000,0,0,0,-0.000000,0.000000,0,0,0.000000,0.000000,0,81.910004
1619075748384162048,43,0,0.000000,0,0,0,-0.000000,0.000000,0,0,0.000000,0.000000,0,81.910004
1619075748384409088,44,0,0.000000,0,0,0,-0.000000,0.000000,0,0,0.000000,0.000000,0,81.910004
1619075748384663040,45,0,0.000000,0,0,0,-0.000000,0.000000,0,0,0.000000,0.000000,0,81.910004
1619075748384911104,46,0,0.000000,0,0,0,-0.000000,0.000000,0,0,0.000000,0.000000,0,81.910004
1619075748385167872,47,0,1.500000,0,0,3,0.582940,30.200001,0,0,0.000000,0.050000,1,6.070000
1619075748385412096,48,0,-0.500000,0,0,3,0.312414,12.400000,0,0,0.000000,0.250000,1,7.180000
